group	x	y	clickSelects
5255	-2619172800	29.6	943050
5255	-2616494400	29.1	943050
5255	-2614075200	29.3	943050
5255	-2611396800	25.6	943050
5255	-2608804800	22.4	943050
5255	-2606126400	17.6	943050
5255	-2603534400	16.5	943050
5255	-2600856000	18.9	943050
5255	-2598177600	22.7	943050
5255	-2595585600	25	943050
5255	-2592907200	23.7	943050
5255	-2590315200	28.9	943050
5255	-2587636800	30	943050
5255	-2584958400	30.2	943050
5255	-2582452800	28.7	943050
5255	-2579774400	28.2	943050
5255	-2577182400	21.3	943050
5255	-2574504000	19.5	943050
5255	-2571912000	18.1	943050
5255	-2569233600	18.1	943050
5255	-2566555200	20.4	943050
5255	-2563963200	24.1	943050
5255	-2561284800	27.1	943050
5255	-2558692800	28.8	943050
5255	-2556014400	30	943050
5255	-2553336000	30.7	943050
5255	-2550916800	28.7	943050
5255	-2548238400	27.4	943050
5255	-2545646400	21.9	943050
5255	-2542968000	17.9	943050
5255	-2540376000	16.9	943050
5255	-2537697600	18	943050
5255	-2535019200	20.2	943050
5255	-2532427200	24.4	943050
5255	-2529748800	26.1	943050
5255	-2527156800	30.6	943050
5255	-2524478400	31	943050
5255	-2521800000	29.4	943050
5255	-2519380800	30.3	943050
5255	-2516702400	26	943050
5255	-2514110400	21.5	943050
5255	-2511432000	17.7	943050
5255	-2508840000	17.8	943050
5255	-2506161600	18.7	943050
5255	-2503483200	20.7	943050
5255	-2500891200	22.8	943050
5255	-2498212800	26.6	943050
5255	-2495620800	27.4	943050
5255	-2492942400	29.1	943050
5255	-2490264000	28.9	943050
5255	-2487844800	29	943050
5255	-2485166400	26.3	943050
5255	-2482574400	24	943050
5255	-2479896000	18.5	943050
5255	-2477304000	15.5	943050
5255	-2474625600	18	943050
5255	-2471947200	20	943050
5255	-2469355200	22.8	943050
5255	-2466676800	26.2	943050
5255	-2464084800	26.8	943050
5255	-2461406400	31	943050
5255	-2458728000	30.6	943050
5255	-2456222400	28.3	943050
5255	-2453544000	27	943050
5255	-2450952000	20.8	943050
5255	-2448273600	18.5	943050
5255	-2445681600	17.6	943050
5255	-2443003200	18.7	943050
5255	-2440324800	19.5	943050
5255	-2437732800	22.4	943050
5255	-2435054400	26	943050
5255	-2432462400	27.5	943050
5255	-2429784000	27.8	943050
5255	-2427105600	28.6	943050
5255	-2424686400	28.3	943050
5255	-2422008000	24.6	943050
5255	-2419416000	20.6	943050
5255	-2416737600	17.4	943050
5255	-2414145600	17.7	943050
5255	-2411467200	20	943050
5255	-2408788800	20.6	943050
5255	-2406196800	23.3	943050
5255	-2403518400	26.1	943050
5255	-2400926400	26.4	943050
5255	-2398248000	27.7	943050
5255	-2395569600	28.2	943050
5255	-2393150400	27.7	943050
5255	-2390472000	26.3	943050
5255	-2387880000	21.5	943050
5255	-2385201600	18.1	943050
5255	-2382609600	17	943050
5255	-2379931200	16.7	943050
5255	-2377252800	18.4	943050
5255	-2374660800	22.2	943050
5255	-2371982400	25.4	943050
5255	-2369390400	27.3	943050
5255	-2366712000	30.6	943050
5255	-2364033600	29.7	943050
5255	-2361614400	29.8	943050
5255	-2358936000	25.4	943050
5256	-5227200	30.2	943080
5256	-2635200	29.1	943080
5256	43200	32.1	943080
5256	2721600	30.9	943080
5256	5140800	30.9	943080
5256	7819200	27.3	943080
5256	10411200	21	943080
5256	13089600	20.9	943080
5256	15681600	19	943080
5256	18360000	20.2	943080
5256	21038400	21.6	943080
5256	23630400	26.4	943080
5256	26308800	26.9	943080
5256	28900800	30.7	943080
5256	31579200	30.2	943080
5256	34257600	31.5	943080
5256	36676800	30.8	943080
5256	39355200	27.3	943080
5256	41947200	23.4	943080
5256	44625600	18.7	943080
5256	47217600	18.6	943080
5256	49896000	20.2	943080
5256	52574400	22.7	943080
5256	55166400	25	943080
5256	57844800	25.7	943080
5256	60436800	28.9	943080
5256	63115200	30.7	943080
5256	65793600	32.3	943080
5256	68299200	30.2	943080
5256	70977600	27.2	943080
5256	73569600	23.1	943080
5256	76248000	20.8	943080
5256	78840000	19.2	943080
5256	81518400	19.7	943080
5256	84196800	23.9	943080
5256	86788800	25.1	943080
5256	89467200	29.3	943080
5256	92059200	31.2	943080
5256	94737600	31.5	943080
5256	97416000	32.5	943080
5256	99835200	30.5	943080
5256	102513600	27.2	943080
5256	105105600	23.8	943080
5256	107784000	20.3	943080
5256	110376000	21.7	943080
5256	113054400	21.1	943080
5256	115732800	21.9	943080
5256	118324800	26.1	943080
5256	121003200	28.1	943080
5256	123595200	31.3	943080
5256	126273600	29.5	943080
5256	128952000	30.8	943080
5256	131371200	30.6	943080
5256	134049600	26.7	943080
5256	136641600	23	943080
5256	139320000	19.9	943080
5256	141912000	19.9	943080
5256	144590400	21.1	943080
5256	147268800	23.4	943080
5256	149860800	24.8	943080
5256	152539200	26	943080
5256	155131200	31.2	943080
5256	157809600	30.7	943080
5256	160488000	30.5	943080
5256	162907200	30.2	943080
5256	165585600	27.5	943080
5256	168177600	24.1	943080
5256	170856000	19.9	943080
5256	173448000	20	943080
5256	176126400	19.6	943080
5256	178804800	23.7	943080
5256	181396800	23.8	943080
5256	184075200	27.6	943080
5256	186667200	30.6	943080
5256	189345600	30.9	943080
5256	192024000	30.8	943080
5256	194529600	28.8	943080
5256	197208000	26.8	943080
5256	199800000	22.9	943080
5256	202478400	19.6	943080
5256	205070400	18.9	943080
5256	207748800	20.9	943080
5256	210427200	22.9	943080
5256	213019200	23.4	943080
5256	215697600	25.3	943080
5256	218289600	30.7	943080
5256	220968000	31.6	943080
5256	223646400	32	943080
5256	226065600	29.8	943080
5256	228744000	28	943080
5256	231336000	23.1	943080
5256	234014400	19.4	943080
5256	236606400	19.1	943080
5256	239284800	21.4	943080
5256	241963200	22	943080
5256	244555200	25.7	943080
5256	247233600	29.5	943080
5256	249825600	29	943080
5256	252504000	31.5	943080
5256	255182400	31.5	943080
5256	257601600	31.5	943080
5256	260280000	27.7	943080
5256	262872000	22.5	943080
5256	265550400	19.3	943080
5256	268142400	18	943080
5256	270820800	20.3	943080
5256	273499200	21.3	943080
5256	276091200	25.6	943080
5256	278769600	28.5	943080
5256	281361600	28.6	943080
5256	284040000	29.4	943080
5256	286718400	30.9	943080
5256	289137600	31	943080
5256	291816000	27.6	943080
5256	294408000	22	943080
5256	297086400	21	943080
5256	299678400	19.2	943080
5256	302356800	20.5	943080
5256	305035200	23.3	943080
5256	307627200	26.4	943080
5256	310305600	28.7	943080
5256	312897600	32.2	943080
5256	315576000	32.4	943080
5256	318254400	31	943080
5256	320760000	32.5	943080
5256	323438400	27.3	943080
5256	326030400	25	943080
5256	328708800	21.8	943080
5256	331300800	18.7	943080
5256	333979200	21.9	943080
5256	336657600	26.4	943080
5256	339249600	25.3	943080
5256	341928000	27.8	943080
5256	344520000	32.1	943080
5256	347198400	31.8	943080
5256	349876800	29.5	943080
5256	352296000	29.5	943080
5256	354974400	29.6	943080
5256	357566400	23.2	943080
5256	360244800	19.6	943080
5256	362836800	19	943080
5256	365515200	21.1	943080
5256	368193600	25.2	943080
5256	370785600	27.6	943080
5256	373464000	26.4	943080
5256	376056000	30	943080
5256	378734400	32.1	943080
5256	381412800	30.6	943080
5256	383832000	30.1	943080
5256	386510400	28.1	943080
5256	389102400	23.3	943080
5256	391780800	19.1	943080
5256	394372800	19.6	943080
5256	397051200	21.7	943080
5256	399729600	22.9	943080
5256	402321600	26.8	943080
5256	4.05e+08	29.8	943080
5256	407592000	31.2	943080
5256	410270400	31.8	943080
5256	412948800	32.2	943080
5256	415368000	30.5	943080
5256	418046400	26.8	943080
5256	420638400	23.6	943080
5256	423316800	21.1	943080
5256	425908800	18.8	943080
5256	428587200	20.7	943080
5256	431265600	24.7	943080
5256	433857600	26.6	943080
5256	436536000	29.1	943080
5256	439128000	31	943080
5256	441806400	31.8	943080
5256	444484800	31.8	943080
5256	446990400	30	943080
5256	449668800	28.2	943080
5256	452260800	25.5	943080
5256	454939200	20.2	943080
5256	457531200	18.6	943080
5256	460209600	20.4	943080
5256	462888000	21.9	943080
5256	465480000	27.7	943080
5256	468158400	28.5	943080
5256	470750400	29	943080
5256	473428800	31.4	943080
5256	476107200	31.7	943080
5256	478526400	31.3	943080
5256	481204800	29.3	943080
5256	483796800	23.8	943080
5256	486475200	20.9	943080
5256	489067200	20.2	943080
5256	491745600	21.4	943080
5256	494424000	24.1	943080
5256	497016000	24.3	943080
5256	499694400	29.3	943080
5256	502286400	30.2	943080
5256	504964800	31.4	943080
5256	507643200	31.4	943080
5256	510062400	31.8	943080
5256	512740800	29.9	943080
5256	515332800	23.9	943080
5256	518011200	21.7	943080
5256	520603200	18.2	943080
5256	523281600	19.6	943080
5256	525960000	23.2	943080
5256	528552000	24.7	943080
5256	531230400	28.7	943080
5256	533822400	30.3	943080
5256	536500800	30.2	943080
5256	539179200	31.3	943080
5256	541598400	31.1	943080
5256	544276800	29.6	943080
5256	546868800	23.8	943080
5256	549547200	20.9	943080
5256	552139200	20.8	943080
5256	554817600	20.7	943080
5256	557496000	23.8	943080
5256	560088000	24.8	943080
5256	562766400	26.2	943080
5256	565358400	29.2	943080
5256	568036800	31.5	943080
5256	570715200	33.3	943080
5256	573220800	31.9	943080
5256	575899200	29.5	943080
5256	578491200	23.3	943080
5256	581169600	21.8	943080
5257	-1599048000	25.6	943090
5257	-1596369600	22.3	943090
5257	-1593777600	20.7	943090
5257	-1591099200	23.1	943090
5257	-1588420800	25.3	943090
5257	-1585828800	29	943090
5257	-1583150400	31.6	943090
5257	-1580558400	33.3	943090
5257	-1577880000	34.4	943090
5257	-1575201600	33.4	943090
5257	-1572696000	30.8	943090
5257	-1570017600	26.7	943090
5257	-1567425600	24.2	943090
5257	-1564747200	21.1	943090
5257	-1562155200	19.7	943090
5257	-1559476800	20.9	943090
5257	-1556798400	25	943090
5257	-1554206400	28.8	943090
5257	-1551528000	31.8	943090
5257	-1548936000	33.1	943090
5257	-1546257600	33.4	943090
5257	-1543579200	30.8	943090
5257	-1541160000	29.8	943090
5257	-1538481600	27.8	943090
5257	-1535889600	25.7	943090
5257	-1533211200	21.8	943090
5257	-1530619200	20	943090
5257	-1527940800	21.7	943090
5257	-1525262400	23.8	943090
5257	-1522670400	27.9	943090
5257	-1519992000	31	943090
5257	-1517400000	33.5	943090
5257	-1514721600	34	943090
5257	-1512043200	33	943090
5257	-1509624000	32	943090
5257	-1506945600	29.1	943090
5257	-1504353600	24.7	943090
5257	-1501675200	21.3	943090
5257	-1499083200	18.8	943090
5257	-1496404800	22.3	943090
5257	-1493726400	25.6	943090
5257	-1491134400	28.7	943090
5257	-1488456000	31.5	943090
5257	-1485864000	31	943090
5257	-1483185600	32.1	943090
5257	-1480507200	33.9	943090
5257	-1478088000	31.9	943090
5257	-1475409600	28.6	943090
5257	-1472817600	23.8	943090
5257	-1470139200	19.5	943090
5257	-1467547200	20	943090
5257	-1464868800	21.2	943090
5257	-1462190400	24.3	943090
5257	-1459598400	27.4	943090
5257	-1456920000	32.5	943090
5257	-1454328000	31.4	943090
5257	-1451649600	33	943090
5257	-1448971200	33	943090
5257	-1446465600	31.5	943090
5257	-1443787200	27.4	943090
5257	-1441195200	26.5	943090
5257	-1438516800	22.5	943090
5257	-1435924800	22.5	943090
5257	-1433246400	22.3	943090
5257	-1430568000	25.6	943090
5257	-1427976000	26.6	943090
5257	-1425297600	30.9	943090
5257	-1422705600	33.8	943090
5257	-1420027200	33	943090
5257	-1417348800	31.4	943090
5257	-1414929600	31.4	943090
5257	-1412251200	28.4	943090
5257	-1409659200	25.7	943090
5257	-1406980800	21.4	943090
5257	-1404388800	19.7	943090
5257	-1401710400	22.1	943090
5257	-1399032000	24	943090
5257	-1396440000	28	943090
5257	-1393761600	32.9	943090
5257	-1391169600	34.2	943090
5257	-1388491200	33.9	943090
5257	-1385812800	34.3	943090
5257	-1383393600	30.8	943090
5257	-1380715200	29.1	943090
5257	-1378123200	23.6	943090
5257	-1375444800	20.2	943090
5257	-1372852800	20.8	943090
5257	-1370174400	21.1	943090
5257	-1367496000	26.2	943090
5257	-1364904000	28.9	943090
5257	-1362225600	33.3	943090
5257	-1359633600	33.1	943090
5257	-1356955200	33.6	943090
5257	-1354276800	33.3	943090
5257	-1351857600	31.8	943090
5257	-1349179200	28.5	943090
5257	-1346587200	24.4	943090
5257	-1343908800	22.1	943090
5257	-1341316800	21.5	943090
5257	-1338638400	22.6	943090
5257	-1335960000	26.4	943090
5257	-1333368000	29.3	943090
5257	-1330689600	32.1	943090
5257	-1328097600	33.3	943090
5257	-1325419200	33.1	943090
5257	-1322740800	31.9	943090
5257	-1320235200	32.9	943090
5257	-1317556800	31.3	943090
5257	-1314964800	24.4	943090
5257	-1312286400	21.1	943090
5257	-1309694400	20.2	943090
5257	-1307016000	24.5	943090
5257	-1304337600	26.5	943090
5257	-1301745600	28.1	943090
5257	-1299067200	34	943090
5257	-1296475200	31.9	943090
5257	-1293796800	34	943090
5257	-1291118400	31.8	943090
5257	-1288699200	29.2	943090
5257	-1286020800	26.5	943090
5257	-1283428800	24.8	943090
5257	-1280750400	19.6	943090
5257	-1278158400	18.9	943090
5257	-1275480000	22.4	943090
5257	-1272801600	23.9	943090
5257	-1270209600	27.1	943090
5257	-1267531200	31.2	943090
5257	-1264939200	31.5	943090
5257	-1262260800	33.6	943090
5257	-1259582400	32.6	943090
5257	-1257163200	31.8	943090
5257	-1254484800	28.4	943090
5257	-1251892800	24	943090
5257	-1249214400	21.7	943090
5257	-1246622400	21.3	943090
5257	-1243944000	21.9	943090
5257	-1241265600	26.4	943090
5257	-1238673600	27.1	943090
5257	-1235995200	31.8	943090
5257	-1233403200	32.1	943090
5257	-1230724800	33.7	943090
5257	-1228046400	34.1	943090
5257	-1225627200	31.5	943090
5257	-1222948800	28.5	943090
5257	-1220356800	22.2	943090
5257	-1217678400	19.6	943090
5257	-1215086400	20.7	943090
5257	-1212408000	22.1	943090
5257	-1209729600	25.3	943090
5257	-1207137600	27.6	943090
5257	-1204459200	29.7	943090
5257	-1201867200	34.5	943090
5257	-1199188800	33.8	943090
5257	-1196510400	33	943090
5257	-1194004800	33	943090
5257	-1191326400	28.6	943090
5257	-1188734400	24.2	943090
5257	-1186056000	21.6	943090
5257	-1183464000	21.4	943090
5257	-1180785600	21.6	943090
5257	-1178107200	24.3	943090
5257	-1175515200	27	943090
5257	-1172836800	33.1	943090
5257	-1170244800	33.4	943090
5257	-1167566400	34.4	943090
5257	-1164888000	34.6	943090
5257	-1162468800	31.7	943090
5257	-1159790400	27.3	943090
5257	-1157198400	24.1	943090
5257	-1154520000	21.8	943090
5257	-1151928000	20.6	943090
5257	-1149249600	20.7	943090
5257	-1146571200	25	943090
5257	-1143979200	28.9	943090
5257	-1141300800	31	943090
5257	-1138708800	32.3	943090
5257	-1136030400	32.4	943090
5257	-1133352000	32.8	943090
5257	-1130932800	29.5	943090
5257	-1128254400	27.2	943090
5257	-1125662400	24	943090
5257	-1122984000	21.2	943090
5257	-1120392000	20	943090
5257	-1117713600	22.1	943090
5257	-1115035200	24.5	943090
5257	-1112443200	26.8	943090
5257	-1109764800	29	943090
5257	-1107172800	33.8	943090
5257	-1104494400	32	943090
5257	-1101816000	32.2	943090
5257	-1099396800	31	943090
5257	-1096718400	28.8	943090
5257	-1094126400	24.5	943090
5257	-1091448000	20.6	943090
5257	-1088856000	19.2	943090
5257	-1086177600	22.4	943090
5257	-1083499200	23.5	943090
5257	-1080907200	27.9	943090
5257	-1078228800	32.5	943090
5257	-1075636800	33.5	943090
5257	-1072958400	33.3	943090
5257	-1070280000	34.7	943090
5257	-1067774400	32.8	943090
5257	-1065096000	29.4	943090
5257	-1062504000	24.2	943090
5257	-1059825600	20.8	943090
5257	-1057233600	21.4	943090
5257	-1054555200	23.6	943090
5257	-1051876800	26.8	943090
5257	-1049284800	29	943090
5257	-1046606400	31.5	943090
5257	-1044014400	33.1	943090
5257	-1041336000	31.9	943090
5257	-1038657600	33.1	943090
5257	-1036238400	33	943090
5257	-1033560000	27.7	943090
5257	-1030968000	25.9	943090
5257	-1028289600	21.5	943090
5257	-1025697600	19.8	943090
5257	-1023019200	21.3	943090
5257	-1020340800	25	943090
5257	-1017748800	29.3	943090
5257	-1015070400	34.3	943090
5257	-1012478400	33.1	943090
5257	-1009800000	34	943090
5257	-1007121600	32.2	943090
5257	-1004702400	34.1	943090
5257	-1002024000	29.7	943090
5257	-999432000	25.9	943090
5257	-996753600	21.9	943090
5257	-994161600	20.7	943090
5257	-991483200	22.9	943090
5257	-988804800	27.1	943090
5257	-986212800	31.3	943090
5257	-983534400	32.4	943090
5257	-980942400	34.5	943090
5257	-978264000	32.1	943090
5257	-975585600	32.4	943090
5257	-973166400	30.8	943090
5257	-970488000	30	943090
5257	-967896000	25.3	943090
5257	-965217600	20.6	943090
5257	-962625600	18.8	943090
5257	-959947200	21.4	943090
5257	-957268800	25.4	943090
5257	-954676800	27.5	943090
5257	-951998400	30.8	943090
5257	-949406400	33.2	943090
5258	-1803988800	29	943120
5258	-1801396800	30	943120
5258	-1798718400	30.3	943120
5258	-1796040000	31.7	943120
5258	-1793620800	29.1	943120
5258	-1790942400	27.9	943120
5258	-1788350400	21	943120
5258	-1785672000	18.2	943120
5258	-1783080000	19.8	943120
5258	-1780401600	20.5	943120
5258	-1777723200	22.5	943120
5258	-1775131200	24.8	943120
5258	-1772452800	27	943120
5259	-2174731200	30	943150
5259	-2172312000	28.8	943150
5259	-2169633600	27.1	943150
5259	-2167041600	23.1	943150
5259	-2164363200	18.1	943150
5259	-2161771200	16.5	943150
5259	-2159092800	18.4	943150
5259	-2156414400	24.1	943150
5259	-2153822400	27.4	943150
5259	-2151144000	32.9	943150
5259	-2148552000	34.2	943150
5259	-2145873600	31.2	943150
5259	-2143195200	30.5	943150
5259	-2140776000	31.9	943150
5259	-2138097600	27.4	943150
5259	-2135505600	22.8	943150
5259	-2132827200	19.2	943150
5259	-2130235200	18.6	943150
5259	-2127556800	20.9	943150
5259	-2124878400	24.1	943150
5259	-2122286400	27	943150
5259	-2119608000	31.2	943150
5259	-2117016000	32.4	943150
5259	-2114337600	34.1	943150
5259	-2111659200	32.7	943150
5259	-2109240000	31.9	943150
5259	-2106561600	27.3	943150
5259	-2103969600	24.1	943150
5259	-2101291200	20.2	943150
5259	-2098699200	18.4	943150
5259	-2096020800	20.5	943150
5259	-2093342400	23.2	943150
5259	-2090750400	27.6	943150
5259	-2088072000	30.8	943150
5259	-2085480000	31.5	943150
5259	-2082801600	34.1	943150
5259	-2080123200	32.1	943150
5259	-2077617600	31.4	943150
5259	-2074939200	27.7	943150
5259	-2072347200	23	943150
5259	-2069668800	18.5	943150
5259	-2067076800	18.1	943150
5259	-2064398400	20.7	943150
5259	-2061720000	23.9	943150
5259	-2059128000	25.9	943150
5259	-2056449600	31.9	943150
5259	-2053857600	33	943150
5259	-2051179200	33.9	943150
5259	-2048500800	32.9	943150
5259	-2046081600	32.1	943150
5259	-2043403200	29.6	943150
5259	-2040811200	23.7	943150
5259	-2038132800	18.4	943150
5259	-2035540800	18.4	943150
5259	-2032862400	20.6	943150
5259	-2030184000	22.2	943150
5259	-2027592000	27.3	943150
5259	-2024913600	31.3	943150
5259	-2022321600	34.3	943150
5259	-2019643200	34.1	943150
5259	-2016964800	33.9	943150
5259	-2014545600	32.2	943150
5259	-2011867200	31.2	943150
5259	-2009275200	24.2	943150
5259	-2006596800	21.1	943150
5259	-2004004800	19.7	943150
5259	-2001326400	20.8	943150
5259	-1998648000	22.3	943150
5259	-1996056000	28.7	943150
5259	-1993377600	32	943150
5259	-1990785600	33	943150
5259	-1988107200	32.9	943150
5259	-1985428800	32.6	943150
5259	-1983009600	29.5	943150
5259	-1980331200	27.7	943150
5259	-1977739200	23.2	943150
5259	-1975060800	19	943150
5259	-1972468800	19.3	943150
5259	-1969790400	20.9	943150
5259	-1967112000	24.1	943150
5259	-1964520000	29.2	943150
5259	-1961841600	31.3	943150
5259	-1959249600	33.9	943150
5259	-1956571200	34.8	943150
5259	-1953892800	31.7	943150
5259	-1951387200	30.2	943150
5259	-1948708800	28	943150
5259	-1946116800	22.9	943150
5259	-1943438400	18.1	943150
5259	-1940846400	17.2	943150
5259	-1938168000	19.2	943150
5259	-1935489600	22.8	943150
5259	-1932897600	27.2	943150
5259	-1930219200	32.6	943150
5259	-1927627200	32	943150
5259	-1924948800	31.9	943150
5259	-1922270400	33.3	943150
5259	-1919851200	32.3	943150
5259	-1917172800	26.7	943150
5259	-1914580800	22.5	943150
5259	-1911902400	19.5	943150
5259	-1909310400	18.6	943150
5259	-1906632000	19.1	943150
5259	-1903953600	25	943150
5259	-1901361600	27.5	943150
5259	-1898683200	30.4	943150
5259	-1896091200	32.8	943150
5259	-1893412800	35.4	943150
5259	-1890734400	33.4	943150
5259	-1888315200	30.8	943150
5259	-1885636800	29.3	943150
5259	-1883044800	23.7	943150
5259	-1880366400	19.3	943150
5259	-1877774400	18.1	943150
5259	-1875096000	21.7	943150
5259	-1872417600	27.3	943150
5259	-1869825600	28.5	943150
5259	-1867147200	31.6	943150
5259	-1864555200	32.1	943150
5259	-1861876800	33.8	943150
5259	-1859198400	32.9	943150
5259	-1856779200	33.1	943150
5259	-1854100800	28.8	943150
5259	-1851508800	24	943150
5259	-1848830400	18.1	943150
5259	-1846238400	19.5	943150
5259	-1843560000	21	943150
5259	-1840881600	25.1	943150
5259	-1838289600	28.9	943150
5259	-1835611200	33.1	943150
5259	-1833019200	33.2	943150
5259	-1830340800	35.5	943150
5259	-1827662400	33.3	943150
5259	-1825156800	31	943150
5259	-1822478400	28.8	943150
5259	-1819886400	24.5	943150
5259	-1817208000	18.4	943150
5259	-1814616000	18.3	943150
5259	-1811937600	21.4	943150
5259	-1809259200	24.8	943150
5259	-1806667200	29.8	943150
5259	-1803988800	32.2	943150
5259	-1801396800	33.9	943150
5259	-1798718400	33.1	943150
5259	-1796040000	34.1	943150
5259	-1793620800	31.1	943150
5259	-1790942400	28.5	943150
5259	-1788350400	21.3	943150
5259	-1785672000	18.1	943150
5259	-1783080000	20.7	943150
5259	-1780401600	20.7	943150
5259	-1777723200	23.4	943150
5259	-1775131200	28	943150
5259	-1772452800	32.4	943150
5259	-1769860800	33.1	943150
5259	-1767182400	32.5	943150
5259	-1764504000	34.2	943150
5259	-1762084800	33.5	943150
5259	-1759406400	29.8	943150
5259	-1756814400	23.5	943150
5259	-1754136000	20.4	943150
5259	-1751544000	19.6	943150
5259	-1748865600	23.1	943150
5259	-1746187200	26.6	943150
5259	-1743595200	31.2	943150
5259	-1740916800	31.1	943150
5259	-1738324800	32.8	943150
5259	-1735646400	31.7	943150
5259	-1732968000	31.8	943150
5259	-1730548800	32.3	943150
5259	-1727870400	28.1	943150
5259	-1725278400	23.1	943150
5259	-1722600000	21.8	943150
5259	-1720008000	19.3	943150
5259	-1717329600	19.2	943150
5259	-1714651200	23.4	943150
5259	-1712059200	28.3	943150
5259	-1709380800	34.2	943150
5259	-1706788800	35.2	943150
5259	-1704110400	35.1	943150
5259	-1701432000	33.4	943150
5259	-1698926400	31.2	943150
5259	-1696248000	27.3	943150
5259	-1693656000	24.2	943150
5259	-1690977600	22.1	943150
5259	-1688385600	17.6	943150
5259	-1685707200	22.2	943150
5259	-1683028800	26.4	943150
5259	-1680436800	27.5	943150
5259	-1677758400	30	943150
5259	-1675166400	33.3	943150
5259	-1672488000	30.9	943150
5259	-1669809600	30.4	943150
5259	-1667390400	30.2	943150
5259	-1664712000	26.8	943150
5259	-1662120000	21.3	943150
5259	-1659441600	18.5	943150
5259	-1656849600	21.5	943150
5259	-1654171200	19.4	943150
5259	-1651492800	24.8	943150
5259	-1648900800	28.6	943150
5259	-1646222400	31.6	943150
5259	-1643630400	32.8	943150
5259	-1640952000	33.4	943150
5259	-1638273600	30.1	943150
5259	-1635854400	30	943150
5259	-1633176000	28.6	943150
5259	-1630584000	23.9	943150
5259	-1627905600	21.1	943150
5259	-1625313600	18.2	943150
5259	-1622635200	19.9	943150
5259	-1619956800	26.3	943150
5259	-1617364800	29.8	943150
5259	-1614686400	32.7	943150
5259	-1612094400	33.6	943150
5259	-1609416000	34.5	943150
5259	-1606737600	32.4	943150
5259	-1604318400	32.6	943150
5259	-1601640000	28.9	943150
5259	-1599048000	24.8	943150
5259	-1596369600	21.7	943150
5259	-1593777600	20.1	943150
5259	-1591099200	22.1	943150
5259	-1588420800	24.4	943150
5259	-1585828800	29.5	943150
5259	-1583150400	32.3	943150
5259	-1580558400	33.3	943150
5259	-1577880000	34.7	943150
5259	-1575201600	34.5	943150
5259	-1572696000	30.8	943150
5259	-1570017600	25.1	943150
5259	-1567425600	22.7	943150
5259	-1564747200	19.2	943150
5259	-1562155200	18.1	943150
5259	-1559476800	20	943150
5259	-1556798400	23.5	943150
5259	-1554206400	28.8	943150
5259	-1551528000	31.4	943150
5259	-1548936000	33.2	943150
5259	-1546257600	34.8	943150
5259	-1543579200	31.4	943150
5259	-1541160000	29.8	943150
5259	-1538481600	27.9	943150
5259	-1535889600	25.3	943150
5259	-1533211200	20	943150
5259	-1530619200	18.8	943150
5259	-1527940800	19.9	943150
5259	-1525262400	23.4	943150
5259	-1522670400	27.6	943150
5259	-1519992000	32.2	943150
5259	-1517400000	34.9	943150
5259	-1514721600	35.2	943150
5259	-1512043200	33.8	943150
5259	-1509624000	31.5	943150
5259	-1506945600	28.8	943150
5259	-1504353600	23.4	943150
5259	-1501675200	19.7	943150
5259	-1499083200	16.5	943150
5259	-1496404800	20.9	943150
5259	-1493726400	25.2	943150
5259	-1491134400	29	943150
5259	-1488456000	31.7	943150
5259	-1485864000	32.6	943150
5259	-1483185600	32.3	943150
5259	-1480507200	33.4	943150
5259	-1478088000	32.1	943150
5259	-1475409600	28.8	943150
5259	-1472817600	23.4	943150
5259	-1470139200	18.7	943150
5259	-1467547200	18.7	943150
5259	-1464868800	20.2	943150
5259	-1462190400	23.4	943150
5259	-1459598400	28	943150
5259	-1456920000	33	943150
5259	-1454328000	33.3	943150
5259	-1451649600	34.8	943150
5259	-1448971200	34.7	943150
5259	-1446465600	32.8	943150
5259	-1443787200	27.9	943150
5259	-1441195200	26	943150
5259	-1438516800	21.2	943150
5259	-1435924800	22.3	943150
5259	-1433246400	20.9	943150
5259	-1430568000	25.4	943150
5259	-1427976000	26.5	943150
5259	-1425297600	31	943150
5259	-1422705600	34.3	943150
5259	-1420027200	31.5	943150
5259	-1417348800	31.2	943150
5259	-1414929600	31	943150
5259	-1412251200	27.8	943150
5259	-1409659200	24.8	943150
5259	-1406980800	19.6	943150
5259	-1404388800	16.2	943150
5259	-1401710400	20	943150
5259	-1399032000	22.2	943150
5259	-1396440000	28.4	943150
5259	-1393761600	33.3	943150
5259	-1391169600	34.9	943150
5259	-1388491200	33.5	943150
5259	-1385812800	34.3	943150
5259	-1383393600	30.8	943150
5259	-1380715200	29.1	943150
5259	-1378123200	21.8	943150
5259	-1375444800	18.9	943150
5259	-1372852800	20.2	943150
5259	-1370174400	20.6	943150
5259	-1367496000	26.2	943150
5259	-1364904000	29.6	943150
5259	-1362225600	34.2	943150
5259	-1359633600	33.4	943150
5259	-1356955200	33.4	943150
5259	-1354276800	32.3	943150
5259	-1351857600	31	943150
5259	-1349179200	26.3	943150
5259	-1346587200	22.8	943150
5259	-1343908800	20.5	943150
5259	-1341316800	19	943150
5259	-1338638400	21.9	943150
5259	-1335960000	25.7	943150
5259	-1333368000	29	943150
5259	-1330689600	32.2	943150
5259	-1328097600	33.9	943150
5259	-1325419200	33.3	943150
5259	-1322740800	32.1	943150
5259	-1320235200	33.7	943150
5259	-1317556800	31.6	943150
5259	-1314964800	23.4	943150
5259	-1312286400	19	943150
5259	-1309694400	18.3	943150
5259	-1307016000	23.9	943150
5259	-1304337600	26.6	943150
5259	-1301745600	28.8	943150
5259	-1299067200	34.1	943150
5259	-1296475200	32.7	943150
5259	-1293796800	35.5	943150
5259	-1291118400	34.1	943150
5259	-1288699200	30.4	943150
5259	-1286020800	27.9	943150
5259	-1283428800	25.4	943150
5259	-1280750400	18	943150
5259	-1278158400	16.8	943150
5259	-1275480000	21.2	943150
5259	-1272801600	22.3	943150
5259	-1270209600	27.6	943150
5259	-1267531200	32.7	943150
5259	-1264939200	33	943150
5259	-1262260800	34.7	943150
9530	-2351073600	15.3	943050
9530	-2348395200	18.7	943050
9530	-2345716800	20.3	943050
9530	-2343124800	25.7	943050
9530	-2340446400	26.9	943050
9530	-2337854400	29.8	943050
9530	-2335176000	28.8	943050
9530	-2332497600	30.7	943050
9530	-2329992000	29.2	943050
9530	-2327313600	25.8	943050
9531	586440000	21.6	943080
9531	589118400	24.1	943080
9532	-944049600	32.8	943090
9532	-941544000	31.7	943090
9532	-938865600	27.6	943090
9532	-936273600	23.4	943090
9532	-933595200	21.2	943090
9532	-931003200	19.8	943090
9532	-928324800	22.7	943090
9532	-925646400	25.7	943090
9532	-923054400	29.1	943090
9532	-920376000	30.2	943090
9532	-917784000	31.9	943090
9532	-915105600	32.4	943090
9532	-912427200	32.6	943090
9532	-910008000	29.8	943090
9532	-907329600	30.2	943090
9532	-904737600	25.2	943090
9532	-902059200	21.1	943090
9532	-899467200	22.4	943090
9532	-896788800	21	943090
9532	-894110400	24.6	943090
9532	-891518400	25.5	943090
9532	-888840000	29.4	943090
9532	-886248000	32.6	943090
9532	-883569600	30.9	943090
9532	-880891200	30.1	943090
9532	-878472000	30.3	943090
9532	-875793600	28	943090
9532	-873201600	24.2	943090
9532	-870523200	20.5	943090
9532	-867931200	19.9	943090
9532	-865252800	22	943090
9532	-862574400	24.9	943090
9532	-859982400	26.3	943090
9532	-857304000	29.8	943090
9532	-854712000	30	943090
9532	-852033600	31.7	943090
9533	-1764504000	31.1	943120
9533	-1762084800	29.9	943120
9533	-1759406400	28.2	943120
9533	-1756814400	22.9	943120
9533	-1754136000	20	943120
9533	-1751544000	19	943120
9533	-1748865600	21.7	943120
9533	-1746187200	25.2	943120
9533	-1743595200	27.9	943120
9533	-1740916800	27.8	943120
9533	-1738324800	29.5	943120
9533	-1735646400	30.7	943120
9533	-1732968000	30.9	943120
9533	-1730548800	30.9	943120
9533	-1727870400	27.9	943120
9533	-1725278400	22	943120
9533	-1722600000	21.3	943120
9533	-1720008000	18.4	943120
9533	-1717329600	19.8	943120
9533	-1714651200	22	943120
9533	-1712059200	25.6	943120
9533	-1709380800	29.4	943120
9533	-1706788800	30.4	943120
9533	-1704110400	30.9	943120
9533	-1701432000	30.7	943120
9533	-1698926400	30.3	943120
9533	-1696248000	26.3	943120
9533	-1693656000	23.6	943120
9533	-1690977600	21.3	943120
9533	-1688385600	16.7	943120
9533	-1685707200	20.7	943120
9533	-1683028800	24	943120
9533	-1680436800	25	943120
9533	-1677758400	26.8	943120
9533	-1675166400	29.2	943120
9533	-1672488000	29.8	943120
9533	-1669809600	30	943120
9533	-1667390400	29.1	943120
9533	-1664712000	27.1	943120
9533	-1662120000	21.2	943120
9533	-1659441600	17.6	943120
9533	-1656849600	20.3	943120
9533	-1654171200	20	943120
9533	-1651492800	22.9	943120
9533	-1648900800	26.2	943120
9533	-1646222400	27.8	943120
9533	-1643630400	28.7	943120
9533	-1640952000	31.1	943120
9533	-1638273600	29.8	943120
9533	-1635854400	29.3	943120
9533	-1633176000	27.5	943120
9533	-1630584000	23.1	943120
9533	-1627905600	20.7	943120
9533	-1625313600	18.1	943120
9533	-1622635200	19.9	943120
9533	-1619956800	23.3	943120
9533	-1617364800	26.1	943120
9533	-1614686400	27.5	943120
9533	-1612094400	30	943120
9533	-1609416000	30.2	943120
9533	-1606737600	29.5	943120
9533	-1604318400	30	943120
9533	-1601640000	27.8	943120
9533	-1599048000	23.8	943120
9533	-1596369600	20.7	943120
9533	-1593777600	19	943120
9533	-1591099200	21.7	943120
9533	-1588420800	23.4	943120
9533	-1585828800	26	943120
9533	-1583150400	28.1	943120
9533	-1580558400	31	943120
9533	-1577880000	32.7	943120
9533	-1575201600	31.4	943120
9533	-1572696000	29.3	943120
9533	-1570017600	25.7	943120
9533	-1567425600	22	943120
9533	-1564747200	19.5	943120
9534	-360331200	19.6	943130
9534	-357652800	22.8	943130
9534	-355060800	26.2	943130
9534	-352382400	30.9	943130
9534	-349790400	32.7	943130
9534	-347112000	34.7	943130
9534	-344433600	33.6	943130
9534	-342014400	33.8	943130
9534	-339336000	28.9	943130
9534	-336744000	22	943130
9534	-334065600	19.6	943130
9534	-331473600	19.3	943130
9534	-328795200	20.9	943130
9534	-326116800	24.8	943130
9534	-323524800	28.3	943130
9534	-320846400	32.9	943130
9534	-318254400	32	943130
9534	-315576000	32.2	943130
9534	-312897600	29.4	943130
9534	-310392000	30.9	943130
9534	-307713600	26.4	943130
9534	-305121600	19.6	943130
9534	-302443200	18.1	943130
9534	-299851200	18.1	943130
9534	-297172800	19.7	943130
9534	-294494400	22.4	943130
9534	-291902400	29.6	943130
9534	-289224000	30.6	943130
9534	-286632000	32.7	943130
9534	-283953600	32.5	943130
9534	-281275200	30.4	943130
9534	-278856000	31.2	943130
9534	-276177600	27.1	943130
9534	-273585600	21.5	943130
9534	-270907200	19.4	943130
9534	-268315200	16.5	943130
9534	-265636800	19.4	943130
9534	-262958400	25.6	943130
9534	-260366400	30.4	943130
9534	-257688000	32.1	943130
9534	-255096000	34.1	943130
9534	-252417600	30.4	943130
9534	-249739200	31	943130
9534	-247320000	31.4	943130
9534	-244641600	27.8	943130
9534	-242049600	21.8	943130
9534	-239371200	20.8	943130
9534	-236779200	17.6	943130
9534	-234100800	20.2	943130
9534	-231422400	24.6	943130
9534	-228830400	26.3	943130
9534	-226152000	30.3	943130
9534	-223560000	33.3	943130
9534	-220881600	31.4	943130
9534	-218203200	29.1	943130
9534	-215784000	31	943130
9534	-213105600	26	943130
9534	-210513600	21.9	943130
9534	-207835200	17.4	943130
9534	-205243200	18.7	943130
9534	-202564800	20.3	943130
9534	-199886400	24.9	943130
9534	-197294400	28.7	943130
9534	-194616000	30.3	943130
9534	-192024000	32.4	943130
9534	-189345600	33.1	943130
9534	-186667200	32.6	943130
9534	-184161600	32	943130
9534	-181483200	26.9	943130
9534	-178891200	21.4	943130
9534	-176212800	18.9	943130
9534	-173620800	18.5	943130
9534	-170942400	20.2	943130
9534	-168264000	23.9	943130
9534	-165672000	25.1	943130
9534	-162993600	29.4	943130
9534	-160401600	32.7	943130
9534	-157723200	33	943130
9534	-155044800	33.9	943130
9534	-152625600	28.8	943130
9534	-149947200	27.5	943130
9534	-147355200	23.3	943130
9534	-144676800	20.1	943130
9534	-142084800	16.8	943130
9534	-139406400	19.7	943130
9534	-136728000	24	943130
9534	-134136000	27.5	943130
9534	-131457600	30.5	943130
9534	-128865600	32.4	943130
9534	-126187200	34.2	943130
9534	-123508800	30.4	943130
9534	-121089600	30.3	943130
9534	-118411200	26.7	943130
9534	-115819200	20.2	943130
9534	-113140800	18.6	943130
9534	-110548800	16.6	943130
9534	-107870400	18.5	943130
9534	-105192000	21.9	943130
9534	-102600000	24.9	943130
9534	-99921600	28.8	943130
9534	-97329600	31.2	943130
9534	-94651200	30.6	943130
9534	-91972800	29.3	943130
9534	-89553600	29.4	943130
9534	-86875200	27.9	943130
9534	-84283200	23.3	943130
9534	-81604800	18.1	943130
9534	-79012800	16.5	943130
9534	-76334400	19.2	943130
9534	-73656000	23.9	943130
9534	-71064000	30	943130
9534	-68385600	31.5	943130
9534	-65793600	31	943130
9534	-63115200	33.6	943130
9534	-60436800	31.9	943130
9534	-57931200	29	943130
9534	-55252800	26.3	943130
9534	-52660800	19.1	943130
9534	-49982400	18.5	943130
9534	-47390400	15.5	943130
9534	-44712000	16.5	943130
9534	-42033600	22.1	943130
9534	-39441600	26.6	943130
9534	-36763200	31.4	943130
9534	-34171200	31.8	943130
9534	-31492800	34.5	943130
9534	-28814400	31	943130
9534	-26395200	31.7	943130
9534	-23716800	27.4	943130
9534	-21124800	22.6	943130
9534	-18446400	17	943130
9534	-15854400	17.7	943130
9534	-13176000	20.3	943130
9534	-10497600	22.4	943130
9534	-7905600	29	943130
9534	-5227200	31.6	943130
9534	-2635200	32	943130
9534	43200	34.4	943130
9534	2721600	31.5	943130
9534	5140800	32	943130
9534	7819200	27.2	943130
9534	10411200	19.8	943130
9534	13089600	19.8	943130
9534	15681600	17.4	943130
9534	18360000	19.3	943130
9534	21038400	21.7	943130
9534	23630400	29.5	943130
9534	26308800	30.2	943130
9534	28900800	33.5	943130
9534	31579200	32.7	943130
9534	34257600	31.5	943130
9534	36676800	31.3	943130
9534	39355200	26.4	943130
9534	41947200	21.1	943130
9534	44625600	15.9	943130
9534	47217600	17	943130
9534	49896000	18.6	943130
9534	52574400	23	943130
9534	55166400	26.6	943130
9534	57844800	28	943130
9534	60436800	33.6	943130
9534	63115200	32.2	943130
9534	65793600	32.3	943130
9534	68299200	31.2	943130
9534	70977600	27.1	943130
9534	73569600	22.1	943130
9534	76248000	19.7	943130
9534	78840000	17.2	943130
9534	81518400	19	943130
9534	84196800	25.3	943130
9534	86788800	28.3	943130
9534	89467200	33	943130
9534	92059200	34.6	943130
9534	94737600	32.3	943130
9534	97416000	34.3	943130
9534	99835200	30.2	943130
9534	102513600	27.1	943130
9534	105105600	22.6	943130
9534	107784000	18.4	943130
9534	110376000	20.2	943130
9534	113054400	20	943130
9534	115732800	22.6	943130
9534	118324800	27.7	943130
9534	121003200	31.5	943130
9534	123595200	32.1	943130
9534	126273600	30.9	943130
9534	128952000	30.3	943130
9534	131371200	30.4	943130
9534	134049600	25.3	943130
9534	136641600	21.1	943130
9534	139320000	18.2	943130
9534	141912000	18.7	943130
9534	144590400	20.3	943130
9534	147268800	24.2	943130
9534	149860800	26.7	943130
9534	152539200	30.4	943130
9534	155131200	32.2	943130
9534	157809600	34.3	943130
9534	160488000	31.2	943130
9534	162907200	30.7	943130
9534	165585600	26.9	943130
9534	168177600	23.2	943130
9534	170856000	18.9	943130
9534	173448000	18.8	943130
9534	176126400	20	943130
9534	178804800	25	943130
9534	181396800	24.8	943130
9534	184075200	30.1	943130
9534	186667200	30.3	943130
9534	189345600	31.9	943130
9534	192024000	32.1	943130
9534	194529600	28.7	943130
9534	197208000	26.6	943130
9534	199800000	22	943130
9534	202478400	18	943130
9534	205070400	18.2	943130
9534	207748800	20.4	943130
9534	210427200	23.1	943130
9534	213019200	25.1	943130
9534	215697600	28.7	943130
9534	218289600	34.1	943130
9534	220968000	33.9	943130
9534	223646400	34.5	943130
9534	226065600	30.9	943130
9534	228744000	27.8	943130
9534	231336000	22.8	943130
9534	234014400	19.2	943130
9534	236606400	18.4	943130
9534	239284800	22.1	943130
9534	241963200	22.8	943130
9534	244555200	29	943130
9534	247233600	32	943130
9534	249825600	32.5	943130
9534	252504000	33	943130
9534	255182400	31.3	943130
9534	257601600	30.7	943130
9534	260280000	27.7	943130
9534	262872000	20.9	943130
9534	265550400	17.6	943130
9534	268142400	16.3	943130
9534	270820800	18.7	943130
9534	273499200	21.4	943130
9534	276091200	27.4	943130
9534	278769600	30.6	943130
9534	281361600	32	943130
9534	284040000	35	943130
9534	286718400	32.3	943130
9534	289137600	31.1	943130
9534	291816000	28	943130
9534	294408000	20	943130
9534	297086400	19.7	943130
9534	299678400	18.4	943130
9534	302356800	19.7	943130
9534	305035200	23.6	943130
9534	307627200	28.8	943130
9535	-1257163200	31.3	943150
9535	-1254484800	28.4	943150
9535	-1251892800	23.6	943150
9535	-1249214400	21.6	943150
9535	-1246622400	19.6	943150
9535	-1243944000	20.2	943150
9535	-1241265600	26.6	943150
9535	-1238673600	27.5	943150
9535	-1235995200	32.7	943150
9535	-1233403200	32	943150
9535	-1230724800	32.4	943150
9535	-1228046400	34	943150
9535	-1225627200	31.1	943150
9535	-1222948800	28.1	943150
9535	-1220356800	21.1	943150
9535	-1217678400	17.9	943150
9535	-1215086400	19.4	943150
9535	-1212408000	19.9	943150
9535	-1209729600	23.5	943150
9535	-1207137600	27.1	943150
9535	-1204459200	28.6	943150
9535	-1201867200	34.3	943150
9535	-1199188800	34.4	943150
9535	-1196510400	33	943150
9535	-1194004800	33.3	943150
9535	-1191326400	27.2	943150
9535	-1188734400	22.8	943150
9535	-1186056000	19.6	943150
9535	-1183464000	19.8	943150
9535	-1180785600	19.8	943150
9535	-1178107200	23.7	943150
9535	-1175515200	27.6	943150
9535	-1172836800	32.8	943150
9535	-1170244800	33.7	943150
9535	-1167566400	35	943150
9535	-1164888000	34.8	943150
9535	-1162468800	31.3	943150
9535	-1159790400	26.1	943150
9535	-1157198400	22.9	943150
9535	-1154520000	20.6	943150
9535	-1151928000	18.8	943150
9535	-1149249600	18.5	943150
9535	-1146571200	23.4	943150
9535	-1143979200	28.4	943150
9535	-1141300800	30.9	943150
9535	-1138708800	32.6	943150
9535	-1136030400	33.4	943150
9535	-1133352000	32.9	943150
9535	-1130932800	28.9	943150
9535	-1128254400	26.5	943150
9535	-1125662400	22.8	943150
9535	-1122984000	19	943150
9535	-1120392000	18.4	943150
9535	-1117713600	20.6	943150
9535	-1115035200	23.6	943150
9535	-1112443200	26.8	943150
9535	-1109764800	28.4	943150
9535	-1107172800	34	943150
9535	-1104494400	32.3	943150
9535	-1101816000	32.7	943150
9535	-1099396800	30.8	943150
9535	-1096718400	27.4	943150
9535	-1094126400	23.5	943150
9535	-1091448000	18.3	943150
9535	-1088856000	17.9	943150
9535	-1086177600	20.5	943150
9535	-1083499200	22.4	943150
9535	-1080907200	27.8	943150
9535	-1078228800	33.9	943150
9535	-1075636800	34.8	943150
9535	-1072958400	34.5	943150
9535	-1070280000	35	943150
9535	-1067774400	32.9	943150
9535	-1065096000	28.5	943150
9535	-1062504000	23.2	943150
9535	-1059825600	19.3	943150
9535	-1057233600	20	943150
9535	-1054555200	23.2	943150
9535	-1051876800	25.8	943150
9535	-1049284800	29.3	943150
9535	-1046606400	32.5	943150
9535	-1044014400	34.9	943150
9535	-1041336000	31.5	943150
9535	-1038657600	33.1	943150
9535	-1036238400	32.5	943150
9535	-1033560000	26.9	943150
9535	-1030968000	25.4	943150
9535	-1028289600	20.3	943150
9535	-1025697600	17.3	943150
9535	-1023019200	19.9	943150
9535	-1020340800	24.1	943150
9535	-1017748800	29.2	943150
9535	-1015070400	33.8	943150
9535	-1012478400	33.4	943150
9535	-1009800000	32.9	943150
9535	-1007121600	32.4	943150
9535	-1004702400	33.6	943150
9535	-1002024000	29.3	943150
9535	-999432000	25.3	943150
9535	-996753600	20.6	943150
9535	-994161600	18.1	943150
9535	-991483200	21	943150
9535	-988804800	26.8	943150
9535	-986212800	31.1	943150
9535	-983534400	33.7	943150
9535	-980942400	34.7	943150
9535	-978264000	31.8	943150
9535	-975585600	32.3	943150
9535	-973166400	31.3	943150
9535	-970488000	28.6	943150
9535	-967896000	24.6	943150
9535	-965217600	18.1	943150
9535	-962625600	16.3	943150
9535	-959947200	19	943150
9535	-957268800	24.3	943150
9535	-954676800	27.7	943150
9535	-951998400	31	943150
9535	-949406400	34.3	943150
9535	-946728000	31.3	943150
9535	-944049600	32.8	943150
9535	-941544000	32.2	943150
9535	-938865600	27.6	943150
9535	-936273600	22.2	943150
9535	-933595200	21	943150
9535	-931003200	19.9	943150
9535	-928324800	21.7	943150
9535	-925646400	26.5	943150
9535	-923054400	30.4	943150
9535	-920376000	32.2	943150
9535	-917784000	34.5	943150
9535	-915105600	34.2	943150
9535	-912427200	34.6	943150
9535	-910008000	29.8	943150
9535	-907329600	30.2	943150
9535	-904737600	24.6	943150
9535	-902059200	19.5	943150
9535	-899467200	21.9	943150
9535	-896788800	20.4	943150
9535	-894110400	25.5	943150
9535	-891518400	27.3	943150
9535	-888840000	31.3	943150
9535	-886248000	34.1	943150
9535	-883569600	30.2	943150
9535	-880891200	30.4	943150
9535	-878472000	30.3	943150
9535	-875793600	27.1	943150
9535	-873201600	24.3	943150
9535	-870523200	19.9	943150
9535	-867931200	19.1	943150
9535	-865252800	21.6	943150
9535	-862574400	25.1	943150
13077	-2322043200	18.4	943050
13077	-2319451200	16	943050
13077	-2316772800	16.3	943050
13078	594388800	28.7	943080
13078	596980800	29.1	943080
13078	599659200	31.1	943080
13078	602337600	31.2	943080
13078	604756800	30.5	943080
13078	607435200	28.8	943080
13078	610027200	24	943080
13078	612705600	19.6	943080
13078	615297600	19.1	943080
13078	617976000	20.3	943080
13078	620654400	24.4	943080
13078	623246400	25.8	943080
13078	625924800	28.6	943080
13078	628516800	28.5	943080
13078	631195200	30.5	943080
13078	633873600	31	943080
13078	636292800	31.2	943080
13078	638971200	29.2	943080
13078	641563200	24.4	943080
13078	644241600	21.1	943080
13078	646833600	18.9	943080
13078	649512000	22.1	943080
13078	652190400	23.8	943080
13078	654782400	26.5	943080
13078	657460800	30.1	943080
13078	660052800	29.9	943080
13078	662731200	32.2	943080
13078	665409600	31.5	943080
13078	667828800	31.8	943080
13078	670507200	29.4	943080
13078	673099200	24.8	943080
13078	675777600	21.9	943080
13078	678369600	20.2	943080
13078	681048000	21.7	943080
13078	683726400	22.9	943080
13078	686318400	28.6	943080
13078	688996800	26.2	943080
13078	691588800	29.4	943080
13078	694267200	29.6	943080
13078	696945600	30.7	943080
13078	699451200	30	943080
13078	702129600	28.4	943080
13078	704721600	24.4	943080
13078	707400000	22.5	943080
13078	709992000	20.3	943080
13078	712670400	20.3	943080
13078	715348800	22.6	943080
13078	717940800	25.4	943080
13079	-846936000	31.1	943090
13079	-844257600	28.2	943090
13079	-841665600	23.6	943090
13079	-838987200	20.6	943090
13079	-836395200	19.4	943090
13079	-833716800	20.9	943090
13079	-831038400	23.6	943090
13079	-828446400	26.3	943090
13079	-825768000	29.9	943090
13079	-823176000	32.8	943090
13079	-820497600	32.5	943090
13079	-817819200	32.2	943090
13079	-815313600	32	943090
13079	-812635200	28.2	943090
13079	-810043200	23.7	943090
13079	-807364800	20.5	943090
13079	-804772800	19.4	943090
13079	-802094400	21.4	943090
13079	-799416000	25.8	943090
13079	-796824000	28.4	943090
13079	-794145600	30.7	943090
13079	-791553600	30.2	943090
13079	-788875200	33.1	943090
13079	-786196800	31.9	943090
13079	-783777600	30.2	943090
13079	-781099200	28.5	943090
13079	-778507200	23.9	943090
13079	-775828800	20.7	943090
13079	-773236800	19.2	943090
13079	-770558400	22.8	943090
13079	-767880000	24	943090
13079	-765288000	26.5	943090
13079	-762609600	30.5	943090
13079	-760017600	31.1	943090
13079	-757339200	31.5	943090
13079	-754660800	29.1	943090
13079	-752241600	30.4	943090
13079	-749563200	25.7	943090
13079	-746971200	24.2	943090
13079	-744292800	20.3	943090
13079	-741700800	19.7	943090
13079	-739022400	22.9	943090
13079	-736344000	23.9	943090
13079	-733752000	27.3	943090
13079	-731073600	29.4	943090
13079	-728481600	31.6	943090
13079	-725803200	32.2	943090
13079	-723124800	30.4	943090
13080	-1559476800	18.9	943120
13080	-1556798400	22.3	943120
13080	-1554206400	25.9	943120
13081	312897600	33.2	943130
13081	315576000	32.6	943130
13081	318254400	30.9	943130
13081	320760000	32.9	943130
13082	-857304000	30.3	943150
13082	-854712000	31.8	943150
13082	-852033600	33.9	943150
13082	-849355200	30.3	943150
13082	-846936000	31.1	943150
13082	-844257600	27.7	943150
13082	-841665600	22	943150
13082	-838987200	19.2	943150
13082	-836395200	18.5	943150
13082	-833716800	19.5	943150
13082	-831038400	23.7	943150
13082	-828446400	28.3	943150
16164	-2311502400	21.4	943050
16164	-2308824000	23.7	943050
16164	-2306232000	28	943050
16164	-2303553600	28.7	943050
16164	-2300875200	30.7	943050
16164	-2298456000	29.1	943050
16164	-2295777600	28.1	943050
16164	-2293185600	22.1	943050
16164	-2290507200	20.7	943050
16164	-2287915200	19.4	943050
16164	-2285236800	19.5	943050
16164	-2282558400	21.4	943050
16164	-2279966400	23.6	943050
16164	-2277288000	27	943050
16164	-2274696000	29.5	943050
16164	-2272017600	30.6	943050
16164	-2269339200	29.3	943050
16164	-2266920000	29.1	943050
16164	-2264241600	26.3	943050
16164	-2261649600	20.9	943050
16164	-2258971200	17.9	943050
16164	-2256379200	18.9	943050
16164	-2253700800	19.8	943050
16164	-2251022400	22	943050
16164	-2248430400	24.2	943050
16164	-2245752000	27.7	943050
16164	-2243160000	30.1	943050
16164	-2240481600	29.9	943050
16164	-2237803200	30	943050
16164	-2235384000	29.9	943050
16164	-2232705600	26.1	943050
16164	-2230113600	21	943050
16164	-2227435200	17.9	943050
16164	-2224843200	17.8	943050
16164	-2222164800	20.4	943050
16164	-2219486400	20.5	943050
16164	-2216894400	23	943050
16164	-2214216000	26	943050
16164	-2211624000	29.7	943050
16164	-2208945600	29.3	943050
16164	-2206267200	31.4	943050
16164	-2203848000	29.5	943050
16164	-2201169600	24.9	943050
16164	-2198577600	21.2	943050
16164	-2195899200	19.6	943050
16164	-2193307200	15.9	943050
16164	-2190628800	17.6	943050
16164	-2187950400	20.3	943050
16164	-2185358400	24	943050
16164	-2182680000	25.1	943050
16164	-2180088000	30.9	943050
16164	-2177409600	30.9	943050
16164	-2174731200	29.9	943050
16164	-2172312000	28.9	943050
16164	-2169633600	28.1	943050
16164	-2167041600	23.4	943050
16164	-2164363200	19	943050
16164	-2161771200	16.9	943050
16164	-2159092800	18.2	943050
16164	-2156414400	22.1	943050
16164	-2153822400	24.1	943050
16164	-2151144000	28.1	943050
16164	-2148552000	28	943050
16164	-2145873600	28.6	943050
16164	-2143195200	30.2	943050
16164	-2140776000	31.2	943050
16164	-2138097600	26.3	943050
16164	-2135505600	22.1	943050
16164	-2132827200	18.5	943050
16164	-2130235200	17.8	943050
16164	-2127556800	18.8	943050
16164	-2124878400	21.4	943050
16164	-2122286400	24	943050
16164	-2119608000	26.3	943050
16164	-2117016000	27	943050
16164	-2114337600	30.1	943050
16164	-2111659200	29.2	943050
16164	-2109240000	29.3	943050
16164	-2106561600	26.1	943050
16164	-2103969600	23.2	943050
16164	-2101291200	20.2	943050
16164	-2098699200	17.7	943050
16164	-2096020800	18.7	943050
16164	-2093342400	19.8	943050
16164	-2090750400	22.5	943050
16164	-2088072000	25.1	943050
16164	-2085480000	26.9	943050
16164	-2082801600	30.8	943050
16164	-2080123200	29.5	943050
16164	-2077617600	29	943050
16164	-2074939200	26.6	943050
16164	-2072347200	21.3	943050
16164	-2069668800	17.2	943050
16164	-2067076800	17.3	943050
16164	-2064398400	19.2	943050
16164	-2061720000	20.5	943050
16164	-2059128000	22.9	943050
16164	-2056449600	26.6	943050
16164	-2053857600	29	943050
16164	-2051179200	29.8	943050
16164	-2048500800	29	943050
16164	-2046081600	29.3	943050
16164	-2043403200	26.9	943050
16164	-2040811200	22.7	943050
16164	-2038132800	18.2	943050
16164	-2035540800	17.1	943050
16164	-2032862400	19.2	943050
16164	-2030184000	20	943050
16164	-2027592000	22.8	943050
16164	-2024913600	26.2	943050
16164	-2022321600	30	943050
16164	-2019643200	30.6	943050
16164	-2016964800	30.9	943050
16164	-2014545600	29.5	943050
16164	-2011867200	29	943050
16164	-2009275200	22.9	943050
16164	-2006596800	20.4	943050
16164	-2004004800	19.3	943050
16164	-2001326400	20.7	943050
16164	-1998648000	19.4	943050
16164	-1996056000	24.4	943050
16164	-1993377600	26.2	943050
16164	-1990785600	28.4	943050
16164	-1988107200	30.9	943050
16164	-1985428800	30.7	943050
16164	-1983009600	28.4	943050
16164	-1980331200	26.8	943050
16164	-1977739200	22.5	943050
16164	-1975060800	18.8	943050
16164	-1972468800	18.2	943050
16164	-1969790400	19.9	943050
16164	-1967112000	22.1	943050
16164	-1964520000	25.2	943050
16164	-1961841600	25.9	943050
16164	-1959249600	28	943050
16164	-1956571200	29.1	943050
16164	-1953892800	28.7	943050
16164	-1951387200	27.7	943050
16164	-1948708800	26.4	943050
16164	-1946116800	21.7	943050
16164	-1943438400	17.4	943050
16164	-1940846400	16.6	943050
16164	-1938168000	17.2	943050
16164	-1935489600	20.7	943050
16164	-1932897600	24.1	943050
16164	-1930219200	26.9	943050
16164	-1927627200	29.4	943050
16164	-1924948800	28.6	943050
16164	-1922270400	29.4	943050
16164	-1919851200	28.5	943050
16164	-1917172800	24.6	943050
16164	-1914580800	20.9	943050
16164	-1911902400	19.3	943050
16164	-1909310400	17.1	943050
16164	-1906632000	18	943050
16164	-1903953600	21.9	943050
16164	-1901361600	22.9	943050
16164	-1898683200	26.7	943050
16164	-1896091200	29.5	943050
16164	-1893412800	31.2	943050
16164	-1890734400	31.2	943050
16164	-1888315200	30	943050
16164	-1885636800	27.6	943050
16164	-1883044800	22	943050
16164	-1880366400	17.4	943050
16164	-1877774400	17	943050
16164	-1875096000	19	943050
16164	-1872417600	22.7	943050
16164	-1869825600	24.3	943050
16164	-1867147200	26.5	943050
16164	-1864555200	26.8	943050
16164	-1861876800	30.8	943050
16164	-1859198400	30.4	943050
16164	-1856779200	29.5	943050
16164	-1854100800	27	943050
16164	-1851508800	22	943050
16164	-1848830400	17.5	943050
16164	-1846238400	18.1	943050
16164	-1843560000	19.2	943050
16164	-1840881600	22.2	943050
16164	-1838289600	23.3	943050
16164	-1835611200	25.8	943050
16164	-1833019200	28.4	943050
16164	-1830340800	30.2	943050
16164	-1827662400	29.9	943050
16164	-1825156800	29.1	943050
16164	-1822478400	27.2	943050
16164	-1819886400	23.2	943050
16164	-1817208000	18.1	943050
16164	-1814616000	17.9	943050
16164	-1811937600	20	943050
16164	-1809259200	22	943050
16164	-1806667200	25	943050
16164	-1803988800	25.8	943050
16164	-1801396800	28.4	943050
16164	-1798718400	29.6	943050
16164	-1796040000	30.5	943050
16164	-1793620800	29	943050
16164	-1790942400	26.6	943050
16164	-1788350400	21	943050
16164	-1785672000	18.7	943050
16164	-1783080000	19.5	943050
16164	-1780401600	19.4	943050
16164	-1777723200	21	943050
16164	-1775131200	23.4	943050
16164	-1772452800	25.9	943050
16164	-1769860800	27.3	943050
16164	-1767182400	29.6	943050
16164	-1764504000	30.9	943050
16164	-1762084800	29.3	943050
16164	-1759406400	27.4	943050
16164	-1756814400	23	943050
16164	-1754136000	19.6	943050
16164	-1751544000	18.8	943050
16164	-1748865600	21.5	943050
16164	-1746187200	24.2	943050
16164	-1743595200	25.8	943050
16164	-1740916800	25.8	943050
16164	-1738324800	28.6	943050
16164	-1735646400	30.6	943050
16164	-1732968000	29.4	943050
16164	-1730548800	31.2	943050
16164	-1727870400	26.5	943050
16164	-1725278400	22.5	943050
16164	-1722600000	21	943050
16164	-1720008000	18.2	943050
16164	-1717329600	18.9	943050
16164	-1714651200	20.5	943050
16164	-1712059200	24.2	943050
16164	-1709380800	29.9	943050
16164	-1706788800	29.7	943050
16164	-1704110400	30	943050
16164	-1701432000	29.9	943050
16164	-1698926400	29.7	943050
16164	-1696248000	25.4	943050
16164	-1693656000	22.9	943050
16164	-1690977600	20.1	943050
16164	-1688385600	16.4	943050
16164	-1685707200	20.1	943050
16164	-1683028800	24.2	943050
16164	-1680436800	24.1	943050
16164	-1677758400	26.1	943050
16164	-1675166400	29.2	943050
16164	-1672488000	28.9	943050
16164	-1669809600	28.6	943050
16164	-1667390400	27.9	943050
16164	-1664712000	26.3	943050
16164	-1662120000	20.7	943050
16164	-1659441600	16.9	943050
16164	-1656849600	20	943050
16164	-1654171200	18.3	943050
16164	-1651492800	21.4	943050
16164	-1648900800	24.5	943050
16164	-1646222400	26.9	943050
16164	-1643630400	27.4	943050
16164	-1640952000	31.4	943050
16164	-1638273600	28.5	943050
16164	-1635854400	27.9	943050
16164	-1633176000	26.4	943050
16164	-1630584000	22.3	943050
16164	-1627905600	20.5	943050
16164	-1625313600	17.4	943050
16164	-1622635200	18.5	943050
16164	-1619956800	21.7	943050
16164	-1617364800	23.6	943050
16164	-1614686400	25.9	943050
16164	-1612094400	28.7	943050
16164	-1609416000	29.3	943050
16164	-1606737600	27.7	943050
16164	-1604318400	29.8	943050
16164	-1601640000	26.7	943050
16164	-1599048000	23.9	943050
16164	-1596369600	20.6	943050
16164	-1593777600	19.8	943050
16164	-1591099200	20.8	943050
16164	-1588420800	22.2	943050
16164	-1585828800	24.9	943050
16164	-1583150400	26.2	943050
16164	-1580558400	29.5	943050
16164	-1577880000	30.8	943050
16164	-1575201600	30.3	943050
16164	-1572696000	29	943050
16164	-1570017600	25.8	943050
16164	-1567425600	22.2	943050
16164	-1564747200	19	943050
16164	-1562155200	17.6	943050
16164	-1559476800	18	943050
16164	-1556798400	21.8	943050
16164	-1554206400	25.1	943050
16164	-1551528000	27.8	943050
16164	-1548936000	29.9	943050
16164	-1546257600	29.8	943050
16164	-1543579200	30.3	943050
16164	-1541160000	29.5	943050
16164	-1538481600	27	943050
16164	-1535889600	24.1	943050
16164	-1533211200	19.7	943050
16164	-1530619200	18.5	943050
16164	-1527940800	19.6	943050
16164	-1525262400	21.1	943050
16164	-1522670400	23.7	943050
16164	-1519992000	25.7	943050
16164	-1517400000	28.4	943050
16164	-1514721600	29.9	943050
16164	-1512043200	29.5	943050
16164	-1509624000	29.5	943050
16164	-1506945600	26.3	943050
16164	-1504353600	22.1	943050
16164	-1501675200	18.9	943050
16164	-1499083200	16.1	943050
16164	-1496404800	20.4	943050
16164	-1493726400	21.9	943050
16164	-1491134400	24.1	943050
16164	-1488456000	26.3	943050
16164	-1485864000	27	943050
16164	-1483185600	29.5	943050
16164	-1480507200	31.5	943050
16164	-1478088000	28.9	943050
16164	-1475409600	27.2	943050
16164	-1472817600	21.7	943050
16164	-1470139200	17.9	943050
16164	-1467547200	18.8	943050
16164	-1464868800	18.8	943050
16164	-1462190400	21.1	943050
16164	-1459598400	23.8	943050
16164	-1456920000	28	943050
16164	-1454328000	26.5	943050
16164	-1451649600	29.3	943050
16164	-1448971200	29.7	943050
16164	-1446465600	28.5	943050
16164	-1443787200	26.3	943050
16164	-1441195200	24.1	943050
16164	-1438516800	20.9	943050
16164	-1435924800	20.4	943050
16164	-1433246400	19.3	943050
16164	-1430568000	22.1	943050
16164	-1427976000	22.5	943050
16164	-1425297600	26	943050
16164	-1422705600	28.8	943050
16164	-1420027200	28.3	943050
16164	-1417348800	29	943050
16164	-1414929600	30.1	943050
16164	-1412251200	26.4	943050
16164	-1409659200	22.8	943050
16164	-1406980800	19.1	943050
16164	-1404388800	16.6	943050
16164	-1401710400	18.8	943050
16164	-1399032000	20.2	943050
16164	-1396440000	23.5	943050
16164	-1393761600	28.3	943050
16164	-1391169600	29.3	943050
16164	-1388491200	29.9	943050
16164	-1385812800	32	943050
16164	-1383393600	28.8	943050
16164	-1380715200	27.1	943050
16164	-1378123200	20.5	943050
16164	-1375444800	18.1	943050
16164	-1372852800	18.8	943050
16164	-1370174400	18	943050
16164	-1367496000	22.2	943050
16164	-1364904000	24.9	943050
16164	-1362225600	28.2	943050
16164	-1359633600	29	943050
16164	-1356955200	28.5	943050
16164	-1354276800	29.2	943050
16164	-1351857600	28.6	943050
16164	-1349179200	26.4	943050
16164	-1346587200	22.1	943050
16164	-1343908800	19.6	943050
16164	-1341316800	18.2	943050
16164	-1338638400	19.5	943050
16164	-1335960000	21.2	943050
16164	-1333368000	23.7	943050
16164	-1330689600	25.6	943050
16164	-1328097600	27.6	943050
16164	-1325419200	28.6	943050
16164	-1322740800	29	943050
16164	-1320235200	30.5	943050
16164	-1317556800	27.9	943050
16164	-1314964800	22.3	943050
16164	-1312286400	18.5	943050
16164	-1309694400	17.8	943050
16164	-1307016000	21	943050
16164	-1304337600	21.9	943050
16164	-1301745600	23.8	943050
16164	-1299067200	30.3	943050
16164	-1296475200	27.1	943050
16164	-1293796800	30.8	943050
16164	-1291118400	29.1	943050
16164	-1288699200	28.7	943050
16164	-1286020800	25.5	943050
16164	-1283428800	23.2	943050
16164	-1280750400	17.9	943050
16164	-1278158400	16.3	943050
16164	-1275480000	19.5	943050
16164	-1272801600	20	943050
16164	-1270209600	22.4	943050
16164	-1267531200	25.6	943050
16164	-1264939200	26.5	943050
16164	-1262260800	28.3	943050
16164	-1259582400	28.4	943050
16164	-1257163200	28.9	943050
16164	-1254484800	25.1	943050
16164	-1251892800	21.9	943050
16164	-1249214400	20.1	943050
16164	-1246622400	18.5	943050
16164	-1243944000	19.7	943050
16164	-1241265600	22.3	943050
16164	-1238673600	23.5	943050
16164	-1235995200	26.2	943050
16164	-1233403200	28.2	943050
16164	-1230724800	29.5	943050
16164	-1228046400	30.6	943050
16164	-1225627200	28.1	943050
16164	-1222948800	26.7	943050
16164	-1220356800	20.6	943050
16164	-1217678400	16.7	943050
16164	-1215086400	18	943050
16164	-1212408000	18.4	943050
16164	-1209729600	20.6	943050
16164	-1207137600	23.4	943050
16164	-1204459200	26.1	943050
16164	-1201867200	29.7	943050
16164	-1199188800	30.8	943050
16164	-1196510400	30.6	943050
16164	-1194004800	29.7	943050
16164	-1191326400	26.7	943050
16164	-1188734400	22.8	943050
16164	-1186056000	19	943050
16164	-1183464000	19	943050
16164	-1180785600	19	943050
16164	-1178107200	21.4	943050
16164	-1175515200	22	943050
16164	-1172836800	27.4	943050
16164	-1170244800	28.5	943050
16164	-1167566400	29.3	943050
16164	-1164888000	29.1	943050
16164	-1162468800	29	943050
16164	-1159790400	24.2	943050
16164	-1157198400	21.7	943050
16164	-1154520000	19.6	943050
16164	-1151928000	17.7	943050
16164	-1149249600	17.7	943050
16164	-1146571200	20.2	943050
16164	-1143979200	22.9	943050
16164	-1141300800	25.6	943050
16164	-1138708800	28	943050
16164	-1136030400	29.4	943050
16164	-1133352000	30	943050
16164	-1130932800	27.7	943050
16164	-1128254400	24.7	943050
16164	-1125662400	22.3	943050
16164	-1122984000	18.1	943050
16164	-1120392000	16.7	943050
16164	-1117713600	19.6	943050
16164	-1115035200	21	943050
16164	-1112443200	22.9	943050
16164	-1109764800	24.5	943050
16164	-1107172800	27.7	943050
16164	-1104494400	29.6	943050
16164	-1101816000	29.5	943050
16164	-1099396800	28.3	943050
16164	-1096718400	26.4	943050
16164	-1094126400	22.6	943050
16164	-1091448000	18.4	943050
16164	-1088856000	16.7	943050
16164	-1086177600	19.1	943050
16164	-1083499200	21.1	943050
16164	-1080907200	23.1	943050
16164	-1078228800	26.1	943050
16164	-1075636800	27.2	943050
16164	-1072958400	28.2	943050
16164	-1070280000	29.7	943050
16164	-1067774400	29	943050
16164	-1065096000	26.4	943050
16164	-1062504000	21.4	943050
16164	-1059825600	18.3	943050
16164	-1057233600	17.8	943050
16164	-1054555200	19.3	943050
16164	-1051876800	21.6	943050
16164	-1049284800	24.9	943050
16164	-1046606400	25.8	943050
16164	-1044014400	26.7	943050
16164	-1041336000	29.5	943050
16164	-1038657600	29.9	943050
16164	-1036238400	28.9	943050
16164	-1033560000	25.6	943050
16164	-1030968000	23	943050
16164	-1028289600	19.6	943050
16164	-1025697600	17	943050
16164	-1023019200	18.7	943050
16164	-1020340800	20.6	943050
16164	-1017748800	24.4	943050
16164	-1015070400	28.2	943050
16164	-1012478400	28.1	943050
16164	-1009800000	29.8	943050
16164	-1007121600	29.7	943050
16164	-1004702400	31.4	943050
16164	-1002024000	26.8	943050
16164	-999432000	23.8	943050
16164	-996753600	19.3	943050
16164	-994161600	18	943050
16164	-991483200	19.5	943050
16164	-988804800	23.5	943050
16164	-986212800	25.6	943050
16164	-983534400	27	943050
16164	-980942400	30.7	943050
16164	-978264000	29.5	943050
16164	-975585600	29.9	943050
16164	-973166400	28.2	943050
16164	-970488000	27.4	943050
16164	-967896000	22.9	943050
16164	-965217600	19.1	943050
16164	-962625600	16.5	943050
16164	-959947200	18.9	943050
16164	-957268800	21.8	943050
16164	-954676800	23.5	943050
16164	-951998400	26	943050
16164	-949406400	28.4	943050
16164	-946728000	29.7	943050
16164	-944049600	30.6	943050
16164	-941544000	30.1	943050
16164	-938865600	26.6	943050
16164	-936273600	23	943050
16164	-933595200	20.7	943050
16164	-931003200	19.5	943050
16164	-928324800	20.5	943050
16164	-925646400	22.4	943050
16164	-923054400	23.9	943050
16164	-920376000	25.7	943050
16164	-917784000	28.6	943050
16164	-915105600	28.6	943050
16164	-912427200	30.3	943050
16164	-910008000	28.2	943050
16164	-907329600	27	943050
16164	-904737600	24.3	943050
16164	-902059200	18.3	943050
16164	-899467200	19.1	943050
16164	-896788800	18.5	943050
16164	-894110400	20.4	943050
16164	-891518400	21.9	943050
16164	-888840000	25.3	943050
16164	-886248000	28.9	943050
16164	-883569600	28.4	943050
16164	-880891200	29.1	943050
16164	-878472000	27.8	943050
16164	-875793600	25.5	943050
16164	-873201600	21.3	943050
16164	-870523200	18	943050
16164	-867931200	18.1	943050
16164	-865252800	19.8	943050
16164	-862574400	21.8	943050
16164	-859982400	23.3	943050
16164	-857304000	27.5	943050
16164	-854712000	28.1	943050
16164	-852033600	30.5	943050
16164	-849355200	28.6	943050
16164	-846936000	29.5	943050
16164	-844257600	26.6	943050
16164	-841665600	22.5	943050
16164	-838987200	19.4	943050
16164	-836395200	17.8	943050
16164	-833716800	18.3	943050
16164	-831038400	20.8	943050
16164	-828446400	23.5	943050
16164	-825768000	26.3	943050
16164	-823176000	28.6	943050
16164	-820497600	28.1	943050
16164	-817819200	29.1	943050
16164	-815313600	30.5	943050
16164	-812635200	27.1	943050
16164	-810043200	21.8	943050
16164	-807364800	18.7	943050
16164	-804772800	18	943050
16164	-802094400	19.4	943050
16164	-799416000	23.5	943050
16164	-796824000	25.2	943050
16164	-794145600	28.1	943050
16164	-791553600	27.7	943050
16164	-788875200	30	943050
16164	-786196800	29.6	943050
16164	-783777600	28.7	943050
16164	-781099200	27.5	943050
16164	-778507200	21.7	943050
16164	-775828800	19.8	943050
16164	-773236800	17.8	943050
16164	-770558400	19.6	943050
16164	-767880000	20.6	943050
16164	-765288000	24.8	943050
16164	-762609600	27.4	943050
16164	-760017600	28.3	943050
16164	-757339200	29.4	943050
16164	-754660800	27.6	943050
16164	-752241600	28.7	943050
16164	-749563200	25.6	943050
16164	-746971200	22.4	943050
16164	-744292800	17.9	943050
16164	-741700800	17.9	943050
16164	-739022400	20.2	943050
16164	-736344000	21.7	943050
16164	-733752000	25.5	943050
16164	-731073600	25.1	943050
16164	-728481600	27.4	943050
16164	-725803200	29.3	943050
16164	-723124800	29	943050
16164	-720705600	29	943050
16164	-718027200	26.1	943050
16164	-715435200	22.6	943050
16164	-712756800	21	943050
16164	-710164800	19	943050
16164	-707486400	20.6	943050
16164	-704808000	21.9	943050
16164	-702216000	23.5	943050
16164	-699537600	26.2	943050
16164	-696945600	30	943050
16164	-694267200	30.4	943050
16164	-691588800	31.3	943050
16164	-689083200	29.4	943050
16164	-686404800	27.7	943050
16164	-683812800	23.8	943050
16164	-681134400	19.6	943050
16164	-678542400	18.5	943050
16164	-675864000	20.6	943050
16164	-673185600	22.8	943050
16164	-670593600	25.2	943050
16164	-667915200	25.2	943050
16164	-665323200	29.4	943050
16164	-662644800	30.2	943050
16164	-659966400	29.2	943050
16164	-657547200	29.4	943050
16164	-654868800	26.3	943050
16164	-652276800	21.1	943050
16164	-649598400	19.5	943050
16164	-647006400	19	943050
16164	-644328000	21.8	943050
16164	-641649600	21.9	943050
16164	-639057600	23.9	943050
16164	-636379200	25	943050
16164	-633787200	30.5	943050
16164	-631108800	31.3	943050
16164	-628430400	31.4	943050
16164	-626011200	30.2	943050
16164	-623332800	27.7	943050
16164	-620740800	23	943050
16164	-618062400	18.8	943050
16164	-615470400	17.7	943050
16164	-612792000	20.5	943050
16164	-610113600	23.2	943050
16164	-607521600	24.3	943050
16164	-604843200	27.8	943050
16164	-602251200	29.5	943050
16164	-599572800	28.1	943050
16164	-596894400	30.3	943050
16164	-594475200	30.4	943050
16164	-591796800	26.9	943050
16164	-589204800	21.6	943050
16164	-586526400	19.7	943050
16164	-583934400	17.6	943050
16164	-581256000	17.8	943050
16164	-578577600	21.6	943050
16164	-575985600	24.1	943050
16164	-573307200	27.9	943050
16164	-570715200	27.5	943050
16164	-568036800	28.8	943050
16164	-565358400	30	943050
16164	-562852800	28.8	943050
16164	-560174400	26.6	943050
16164	-557582400	21.7	943050
16164	-554904000	19.6	943050
16164	-552312000	18.1	943050
16164	-549633600	18.8	943050
16164	-546955200	21.1	943050
16164	-544363200	23	943050
16164	-541684800	25.2	943050
16164	-539092800	26.4	943050
16164	-536414400	29.2	943050
16164	-533736000	28.6	943050
16164	-531316800	30.6	943050
16164	-528638400	27.9	943050
16164	-526046400	22.2	943050
16164	-523368000	19.8	943050
16164	-520776000	19	943050
16164	-518097600	18.3	943050
16164	-515419200	20.6	943050
16164	-512827200	23.8	943050
16164	-510148800	25.9	943050
16164	-507556800	27.8	943050
16164	-504878400	29.3	943050
16164	-502200000	31.2	943050
16164	-499780800	30.2	943050
16164	-497102400	26.8	943050
16164	-494510400	23.2	943050
16164	-491832000	18.4	943050
16164	-489240000	18.4	943050
16164	-486561600	19.6	943050
16164	-483883200	22.9	943050
16164	-481291200	25.3	943050
16164	-478612800	26.9	943050
16164	-476020800	28.8	943050
16164	-473342400	29.6	943050
16164	-470664000	30.8	943050
16164	-468244800	29.8	943050
16164	-465566400	26.1	943050
16164	-462974400	22.4	943050
16164	-460296000	17.2	943050
16164	-457704000	18	943050
16164	-455025600	19	943050
16164	-452347200	22.3	943050
16164	-449755200	22.9	943050
16164	-447076800	27.3	943050
16164	-444484800	28.2	943050
16164	-441806400	30.3	943050
16164	-439128000	30.7	943050
16164	-436622400	28.9	943050
16164	-433944000	26.7	943050
16164	-431352000	20.5	943050
16164	-428673600	18.6	943050
16164	-426081600	17.2	943050
16164	-423403200	20.3	943050
16164	-420724800	22.4	943050
16164	-418132800	24	943050
16164	-415454400	26.3	943050
16164	-412862400	29.3	943050
16164	-410184000	30.7	943050
16164	-407505600	30.2	943050
16164	-405086400	29.2	943050
16164	-402408000	26.5	943050
16164	-399816000	23.4	943050
16164	-397137600	19.7	943050
16164	-394545600	16.7	943050
16164	-391867200	18.8	943050
16164	-389188800	21.7	943050
16164	-386596800	25	943050
16164	-383918400	29.5	943050
16164	-381326400	29	943050
16164	-378648000	29.7	943050
16164	-375969600	31.3	943050
16164	-373550400	28.7	943050
16164	-370872000	27.9	943050
16164	-368280000	23.7	943050
16164	-365601600	20.3	943050
16164	-363009600	18.3	943050
16164	-360331200	18.7	943050
16164	-357652800	21.5	943050
16164	-355060800	23.9	943050
16164	-352382400	27.3	943050
16164	-349790400	27.5	943050
16164	-347112000	28.7	943050
16164	-344433600	29.8	943050
16164	-342014400	30.3	943050
16164	-339336000	28	943050
16164	-336744000	23.3	943050
16164	-334065600	20.1	943050
16164	-331473600	20.1	943050
16164	-328795200	20.7	943050
16164	-326116800	23.7	943050
16164	-323524800	23.4	943050
16164	-320846400	27.3	943050
16164	-318254400	26.9	943050
16164	-315576000	29.1	943050
16164	-312897600	30.1	943050
16164	-310392000	27.7	943050
16164	-307713600	26.2	943050
16164	-305121600	20.7	943050
16164	-302443200	19.5	943050
16164	-299851200	18.1	943050
16164	-297172800	18.9	943050
16164	-294494400	21.2	943050
16164	-291902400	24.4	943050
16164	-289224000	26.3	943050
16164	-286632000	27	943050
16164	-283953600	30.2	943050
16164	-281275200	29.7	943050
16164	-278856000	28.2	943050
16164	-276177600	25	943050
16164	-273585600	22.1	943050
16164	-270907200	20	943050
16164	-268315200	17	943050
16164	-265636800	18.5	943050
16164	-262958400	21.9	943050
16164	-260366400	26.2	943050
16164	-257688000	26.6	943050
16164	-255096000	28.4	943050
16164	-252417600	29.5	943050
16164	-249739200	29.5	943050
16164	-247320000	29.5	943050
16164	-244641600	27.2	943050
16164	-242049600	22.7	943050
16164	-239371200	21.8	943050
16164	-236779200	18.1	943050
16164	-234100800	19.5	943050
16164	-231422400	22.2	943050
16164	-228830400	22.8	943050
16164	-226152000	25.4	943050
16164	-223560000	29.1	943050
16164	-220881600	30.2	943050
16164	-218203200	27.6	943050
16164	-215784000	30.1	943050
16164	-213105600	26.5	943050
16164	-210513600	22.6	943050
16164	-207835200	19.2	943050
16164	-205243200	18.2	943050
16164	-202564800	20.3	943050
16164	-199886400	22.9	943050
16164	-197294400	25.5	943050
16164	-194616000	25.8	943050
16164	-192024000	28.2	943050
16164	-189345600	29.8	943050
16164	-186667200	29.8	943050
16164	-184161600	29	943050
16164	-181483200	25.9	943050
16164	-178891200	21.9	943050
16164	-176212800	20.2	943050
16164	-173620800	18.9	943050
16164	-170942400	19.5	943050
16164	-168264000	22.3	943050
16164	-165672000	22.6	943050
16164	-162993600	26.7	943050
16164	-160401600	27.5	943050
16164	-157723200	29.8	943050
16164	-155044800	31.1	943050
16164	-152625600	28.8	943050
16164	-149947200	26.3	943050
16164	-147355200	22.5	943050
16164	-144676800	20.4	943050
16164	-142084800	18	943050
16164	-139406400	19.2	943050
16164	-136728000	22.1	943050
16164	-134136000	24.4	943050
16164	-131457600	25.8	943050
16164	-128865600	27.8	943050
16164	-126187200	29.1	943050
16164	-123508800	29.3	943050
16164	-121089600	29.4	943050
16164	-118411200	27.2	943050
16164	-115819200	21.7	943050
16164	-113140800	18.7	943050
16164	-110548800	17.8	943050
16164	-107870400	18.9	943050
16164	-105192000	20.6	943050
16164	-102600000	23.8	943050
16164	-99921600	25.8	943050
16164	-97329600	28.4	943050
16164	-94651200	28.5	943050
16164	-91972800	30.5	943050
16164	-89553600	29.1	943050
16164	-86875200	27.6	943050
16164	-84283200	23.8	943050
16164	-81604800	19.6	943050
16164	-79012800	17.7	943050
16164	-76334400	18.7	943050
16164	-73656000	22.5	943050
16164	-71064000	26	943050
16164	-68385600	26.7	943050
16164	-65793600	27.1	943050
16164	-63115200	30.3	943050
16164	-60436800	31.3	943050
16164	-57931200	27.8	943050
16164	-55252800	25.4	943050
16164	-52660800	21.1	943050
16164	-49982400	20.5	943050
16164	-47390400	17.6	943050
16164	-44712000	17.4	943050
16164	-42033600	21.3	943050
16164	-39441600	24.6	943050
16164	-36763200	28	943050
16164	-34171200	28.8	943050
16164	-31492800	30	943050
16164	-28814400	29.8	943050
16164	-26395200	29.3	943050
16164	-23716800	26.7	943050
16164	-21124800	24	943050
16164	-18446400	18.8	943050
16164	-15854400	18.5	943050
16164	-13176000	19.3	943050
16164	-10497600	21.5	943050
16164	-7905600	25.6	943050
16164	-5227200	28.4	943050
16164	-2635200	27	943050
16164	43200	30.7	943050
16164	2721600	29.2	943050
16164	5140800	29.9	943050
16164	7819200	26.8	943050
16164	10411200	20.3	943050
16164	13089600	20.1	943050
16164	15681600	18.5	943050
16164	18360000	20	943050
16164	21038400	20.5	943050
16164	23630400	25.2	943050
16164	26308800	26.7	943050
16164	28900800	30	943050
16164	31579200	29.6	943050
16164	34257600	30.9	943050
16164	36676800	30	943050
16164	39355200	26.4	943050
16164	41947200	22.2	943050
16164	44625600	18.3	943050
16164	47217600	18.9	943050
16164	49896000	19.6	943050
16164	52574400	21.2	943050
16164	55166400	24.2	943050
16164	57844800	24.8	943050
16164	60436800	28.7	943050
16164	63115200	29.7	943050
16164	65793600	31.8	943050
16164	68299200	29.8	943050
16164	70977600	27	943050
16164	73569600	23.4	943050
16164	76248000	20.6	943050
16164	78840000	18.7	943050
16164	81518400	18.8	943050
16164	84196800	23	943050
16164	86788800	25	943050
16164	89467200	27.9	943050
16164	92059200	30.8	943050
16164	94737600	31.2	943050
16164	97416000	31.7	943050
16164	99835200	30.3	943050
16164	102513600	26.3	943050
16164	105105600	24.4	943050
16164	107784000	19.7	943050
16164	110376000	19.8	943050
16164	113054400	19.8	943050
16164	115732800	21.1	943050
16164	118324800	25.1	943050
16164	121003200	27.2	943050
16164	123595200	30.6	943050
16164	126273600	29.5	943050
16164	128952000	30.3	943050
16164	131371200	30.8	943050
16164	134049600	27	943050
16164	136641600	23.1	943050
16164	139320000	19.7	943050
16164	141912000	19.8	943050
16164	144590400	20.2	943050
16164	147268800	23.1	943050
16164	149860800	24.4	943050
16164	152539200	26.4	943050
16164	155131200	30.4	943050
16164	157809600	30.8	943050
16164	160488000	30.1	943050
16164	162907200	29.2	943050
16164	165585600	26.9	943050
16164	168177600	23.6	943050
16164	170856000	20.2	943050
16164	173448000	19.6	943050
16164	176126400	19.1	943050
16164	178804800	22.5	943050
16164	181396800	23.1	943050
16164	184075200	26.7	943050
16164	186667200	30.4	943050
16164	189345600	29.5	943050
16164	192024000	29.3	943050
16164	194529600	29.2	943050
16164	197208000	25.9	943050
16164	199800000	23.7	943050
16164	202478400	20.2	943050
16164	205070400	19.6	943050
16164	207748800	20.5	943050
16164	210427200	22.7	943050
16164	213019200	22.9	943050
16164	215697600	24.3	943050
16164	218289600	29.5	943050
16164	220968000	29.8	943050
16164	223646400	30.7	943050
16164	226065600	29	943050
16164	228744000	26.5	943050
16164	231336000	22.7	943050
16164	234014400	19.8	943050
16164	236606400	18.8	943050
16164	239284800	20.9	943050
16164	241963200	21.6	943050
16164	244555200	23.9	943050
16164	247233600	28.4	943050
16164	249825600	28.3	943050
16164	252504000	30.5	943050
16164	255182400	31	943050
16164	257601600	31.2	943050
16164	260280000	28.3	943050
16164	262872000	22.9	943050
16164	265550400	18.8	943050
16164	268142400	18.1	943050
16164	270820800	20.1	943050
16164	273499200	20.9	943050
16164	276091200	24.3	943050
16164	278769600	26.8	943050
16164	281361600	27.6	943050
16165	946728000	29.6	943080
16165	949406400	30.9	943080
16165	951912000	29.2	943080
16165	954590400	28.2	943080
16165	957182400	22	943080
16165	959860800	19.2	943080
16165	962452800	20.8	943080
16165	965131200	20.2	943080
16165	967809600	24.9	943080
16165	970401600	26.8	943080
16165	973080000	27.5	943080
16165	975672000	31.1	943080
16165	978350400	31.4	943080
16165	981028800	30.7	943080
16165	983448000	29.9	943080
16165	986126400	28.1	943080
16165	988718400	24.2	943080
16165	991396800	20.6	943080
16165	993988800	20.1	943080
16165	996667200	21.7	943080
16165	999345600	23.8	943080
16165	1001937600	24.4	943080
16165	1004616000	27.8	943080
16165	1007208000	28.4	943080
16165	1009886400	30.5	943080
16165	1012564800	31	943080
16165	1014984000	32.6	943080
16165	1017662400	29.7	943080
16165	1020254400	26.1	943080
16165	1022932800	20.5	943080
16165	1025524800	20	943080
16165	1028203200	21.4	943080
16165	1030881600	23.2	943080
16165	1033473600	28.4	943080
16165	1036152000	29.8	943080
16165	1038744000	31.4	943080
16165	1041422400	32.8	943080
16165	1044100800	32.4	943080
16165	1046520000	31	943080
16165	1049198400	28.5	943080
16165	1051790400	25.3	943080
16165	1054468800	22.3	943080
16165	1057060800	20.8	943080
16165	1059739200	20.7	943080
16165	1062417600	23.8	943080
16165	1065009600	25.5	943080
16165	1067688000	29	943080
16165	1070280000	29.2	943080
16165	1072958400	32.2	943080
16165	1075636800	30.8	943080
16165	1078142400	31.1	943080
16165	1080820800	29	943080
16165	1083412800	23.2	943080
16165	1086091200	21.3	943080
16165	1088683200	21.1	943080
16165	1091361600	20.4	943080
16165	1094040000	23.1	943080
16165	1096632000	29.2	943080
16165	1099310400	29.7	943080
16165	1101902400	32	943080
16165	1104580800	32.5	943080
16165	1107259200	32.8	943080
16165	1109678400	32.5	943080
16165	1112356800	30.7	943080
16165	1114948800	25.5	943080
16165	1117627200	20.3	943080
16165	1120219200	20	943080
16165	1122897600	21.1	943080
16165	1125576000	22.8	943080
16165	1128168000	25.3	943080
16165	1130846400	28.1	943080
16165	1133438400	31.5	943080
16165	1136116800	30	943080
16165	1138795200	30.8	943080
16165	1141214400	30.8	943080
16165	1143892800	26.8	943080
16165	1146484800	23	943080
16165	1149163200	19.4	943080
16165	1151755200	17.9	943080
16165	1154433600	21.6	943080
16165	1157112000	24.5	943080
16165	1159704000	29.1	943080
16165	1162382400	30.5	943080
16165	1164974400	30.9	943080
16165	1167652800	31	943080
16165	1170331200	32.7	943080
16165	1172750400	30.3	943080
16165	1175428800	29.1	943080
16165	1178020800	25.2	943080
16165	1180699200	19.5	943080
16165	1183291200	20.6	943080
16165	1185969600	21.4	943080
16165	1188648000	24.6	943080
16165	1191240000	27.6	943080
16165	1193918400	30.6	943080
16165	1196510400	29.8	943080
16165	1199188800	32.6	943080
16165	1201867200	31.1	943080
16165	1204372800	30.3	943080
16165	1207051200	28.6	943080
16165	1209643200	24.4	943080
16165	1212321600	21.3	943080
16165	1214913600	19.7	943080
16165	1217592000	21	943080
16165	1220270400	24.6	943080
16165	1222862400	28.8	943080
16165	1225540800	27	943080
16165	1228132800	29.5	943080
16165	1230811200	31.5	943080
16165	1233489600	30.7	943080
16165	1235908800	30.8	943080
16165	1238587200	28.6	943080
16165	1241179200	23.1	943080
16165	1243857600	20.9	943080
16165	1246449600	20.8	943080
16165	1249128000	21.4	943080
16165	1251806400	23.5	943080
16165	1254398400	27.8	943080
16165	1257076800	30.3	943080
16166	-715435200	24.5	943090
16166	-712756800	22.4	943090
16166	-710164800	22.2	943090
16166	-707486400	21.9	943090
16166	-704808000	23.6	943090
16166	-702216000	25.2	943090
16166	-699537600	29.3	943090
16166	-696945600	31.9	943090
16166	-694267200	32.1	943090
16166	-691588800	32.1	943090
16166	-689083200	30.6	943090
16166	-686404800	28.3	943090
16166	-683812800	24.9	943090
16166	-681134400	20.6	943090
16166	-678542400	20	943090
16166	-675864000	21.6	943090
16166	-673185600	24.8	943090
16166	-670593600	28.4	943090
16166	-667915200	27.9	943090
16166	-665323200	31.6	943090
16166	-662644800	32.7	943090
16166	-659966400	29.8	943090
16166	-657547200	31.2	943090
16166	-654868800	26.7	943090
16166	-652276800	22.9	943090
16166	-649598400	20.5	943090
16166	-647006400	19.6	943090
16166	-644328000	22.3	943090
16166	-641649600	24.1	943090
16166	-639057600	25.9	943090
16166	-636379200	28.5	943090
16166	-633787200	32.9	943090
16166	-631108800	32.7	943090
16166	-628430400	32.7	943090
16166	-626011200	32.1	943090
16166	-623332800	28.4	943090
16166	-620740800	24.1	943090
16166	-618062400	19.9	943090
16166	-615470400	18.9	943090
16166	-612792000	21.9	943090
16166	-610113600	24.8	943090
16166	-607521600	26	943090
16166	-604843200	29.7	943090
16166	-602251200	31.7	943090
16166	-599572800	30.8	943090
16166	-596894400	31.4	943090
16166	-594475200	31.5	943090
16166	-591796800	29.6	943090
16166	-589204800	24	943090
16166	-586526400	21.1	943090
16166	-583934400	19.9	943090
16166	-581256000	20.3	943090
16166	-578577600	24.6	943090
16166	-575985600	27	943090
16166	-573307200	32.8	943090
16166	-570715200	31.6	943090
16166	-568036800	31.5	943090
16166	-565358400	32.4	943090
16166	-562852800	31.7	943090
16166	-560174400	29.3	943090
16166	-557582400	23.7	943090
16166	-554904000	20.5	943090
16166	-552312000	20.4	943090
16166	-549633600	20.4	943090
16166	-546955200	24.8	943090
16166	-544363200	26.1	943090
16166	-541684800	28.7	943090
16166	-539092800	30.1	943090
16166	-536414400	32.9	943090
16166	-533736000	31.7	943090
16166	-531316800	33.2	943090
16166	-528638400	30.3	943090
16166	-526046400	24.1	943090
16166	-523368000	21.1	943090
16166	-520776000	20.9	943090
16166	-518097600	20	943090
16166	-515419200	24.4	943090
16166	-512827200	27.2	943090
16166	-510148800	30	943090
16166	-507556800	32.4	943090
16166	-504878400	32.9	943090
16166	-502200000	33	943090
16166	-499780800	33.3	943090
16166	-497102400	27.7	943090
16166	-494510400	24.5	943090
16166	-491832000	20	943090
16166	-489240000	19.3	943090
16166	-486561600	22	943090
16166	-483883200	25.1	943090
16166	-481291200	28.1	943090
16166	-478612800	29.2	943090
16166	-476020800	31.5	943090
16166	-473342400	31.1	943090
16166	-470664000	32.2	943090
16166	-468244800	31.9	943090
16166	-465566400	28.3	943090
16166	-462974400	22.8	943090
16166	-460296000	19	943090
16166	-457704000	20.1	943090
16166	-455025600	22	943090
16166	-452347200	25.9	943090
16166	-449755200	25.5	943090
16166	-447076800	29.6	943090
16166	-444484800	31.3	943090
16166	-441806400	32.7	943090
16166	-439128000	31.5	943090
16166	-436622400	29.6	943090
16166	-433944000	28.8	943090
16166	-431352000	21.9	943090
16166	-428673600	20.3	943090
16166	-426081600	18.8	943090
16166	-423403200	22	943090
16166	-420724800	24.9	943090
16166	-418132800	26.4	943090
16166	-415454400	29.7	943090
16166	-412862400	31	943090
16166	-410184000	32.8	943090
16166	-407505600	31.1	943090
16166	-405086400	31.6	943090
16166	-402408000	29.6	943090
16166	-399816000	25.3	943090
16166	-397137600	22.1	943090
16166	-394545600	19	943090
16166	-391867200	21.2	943090
16166	-389188800	25.2	943090
16166	-386596800	28.8	943090
16166	-383918400	32.2	943090
16166	-381326400	32.1	943090
16166	-378648000	32.1	943090
16166	-375969600	32.7	943090
16166	-373550400	29.7	943090
16166	-370872000	30.3	943090
16166	-368280000	26.5	943090
16166	-365601600	22.1	943090
16166	-363009600	18.4	943090
16166	-360331200	20.7	943090
16166	-357652800	23.4	943090
16166	-355060800	25.9	943090
16166	-352382400	30.4	943090
16166	-349790400	31.4	943090
16166	-347112000	33.2	943090
16166	-344433600	32.5	943090
16166	-342014400	32.9	943090
16166	-339336000	30.2	943090
16166	-336744000	24.2	943090
16166	-334065600	21.3	943090
16166	-331473600	21	943090
16166	-328795200	22.9	943090
16166	-326116800	25.7	943090
16166	-323524800	27.7	943090
16166	-320846400	31.3	943090
16166	-318254400	30.8	943090
16166	-315576000	31.5	943090
16166	-312897600	30.6	943090
16166	-310392000	31.2	943090
16166	-307713600	29	943090
16166	-305121600	22.6	943090
16166	-302443200	21.3	943090
16166	-299851200	20.6	943090
16166	-297172800	21.9	943090
16166	-294494400	23.8	943090
16166	-291902400	28.3	943090
16166	-289224000	30.1	943090
16166	-286632000	31.3	943090
16166	-283953600	32.6	943090
16166	-281275200	30.6	943090
16166	-278856000	30.5	943090
16166	-276177600	28.5	943090
16166	-273585600	24.1	943090
16166	-270907200	21.6	943090
16166	-268315200	18.8	943090
16166	-265636800	20.9	943090
16166	-262958400	25.1	943090
16166	-260366400	30.1	943090
16166	-257688000	30.8	943090
16166	-255096000	33.6	943090
16166	-252417600	31	943090
16166	-249739200	31.4	943090
16166	-247320000	32.6	943090
16166	-244641600	29.2	943090
16166	-242049600	24.1	943090
16166	-239371200	23.2	943090
16166	-236779200	20.1	943090
16166	-234100800	21.3	943090
16166	-231422400	24.5	943090
16166	-228830400	25.9	943090
16166	-226152000	29.9	943090
16166	-223560000	33.4	943090
16166	-220881600	30.6	943090
16166	-218203200	29.1	943090
16166	-215784000	31.4	943090
16166	-213105600	28.2	943090
16166	-210513600	23.3	943090
16166	-207835200	19.9	943090
16166	-205243200	20.1	943090
16166	-202564800	21	943090
16166	-199886400	24.7	943090
16166	-197294400	28.7	943090
16166	-194616000	29.6	943090
16166	-192024000	31.8	943090
16166	-189345600	33	943090
16166	-186667200	33.1	943090
16166	-184161600	32	943090
16166	-181483200	28.9	943090
16166	-178891200	23.7	943090
16166	-176212800	22.1	943090
16166	-173620800	20.5	943090
16166	-170942400	22.2	943090
16166	-168264000	25.3	943090
16166	-165672000	25.7	943090
16166	-162993600	29.3	943090
16166	-160401600	31.9	943090
16166	-157723200	33.6	943090
16166	-155044800	34	943090
16166	-152625600	30.3	943090
16166	-149947200	28.4	943090
16166	-147355200	25.5	943090
16166	-144676800	23	943090
16166	-142084800	19.6	943090
16167	-1548936000	30.1	943120
16167	-1546257600	31	943120
16167	-1543579200	30	943120
16167	-1541160000	29.6	943120
16167	-1538481600	27.1	943120
16167	-1535889600	24.8	943120
16167	-1533211200	21	943120
16167	-1530619200	19.1	943120
16167	-1527940800	20.8	943120
16167	-1525262400	22.2	943120
16167	-1522670400	25.1	943120
16167	-1519992000	27.6	943120
16167	-1517400000	29.7	943120
16167	-1514721600	30.9	943120
16167	-1512043200	30.2	943120
16167	-1509624000	30	943120
16167	-1506945600	27.7	943120
16167	-1504353600	23.1	943120
16167	-1501675200	19.9	943120
16167	-1499083200	16.9	943120
16167	-1496404800	20.3	943120
16167	-1493726400	23.3	943120
16167	-1491134400	26.1	943120
16167	-1488456000	28	943120
16167	-1485864000	28.2	943120
16167	-1483185600	30.8	943120
16167	-1480507200	32.4	943120
16167	-1478088000	30.5	943120
16167	-1475409600	27.8	943120
16167	-1472817600	23.2	943120
16167	-1470139200	18.7	943120
16167	-1467547200	18.6	943120
16167	-1464868800	19.9	943120
16167	-1462190400	22.4	943120
16167	-1459598400	25.2	943120
16167	-1456920000	28.7	943120
16167	-1454328000	27.8	943120
16167	-1451649600	30.3	943120
16167	-1448971200	31	943120
16167	-1446465600	30	943120
16167	-1443787200	26.6	943120
16167	-1441195200	24.8	943120
16167	-1438516800	21	943120
16167	-1435924800	21	943120
16167	-1433246400	20.4	943120
16167	-1430568000	24.1	943120
16167	-1427976000	24.4	943120
16167	-1425297600	27.9	943120
16167	-1422705600	30.8	943120
16167	-1420027200	30.3	943120
16167	-1417348800	30.3	943120
16167	-1414929600	30	943120
16167	-1412251200	26.6	943120
16167	-1409659200	24.1	943120
16167	-1406980800	19.7	943120
16167	-1404388800	17.3	943120
16167	-1401710400	20.4	943120
16167	-1399032000	21.7	943120
16167	-1396440000	25	943120
16167	-1393761600	28.9	943120
16167	-1391169600	30.8	943120
16167	-1388491200	31.6	943120
16167	-1385812800	32.2	943120
16167	-1383393600	29.9	943120
16167	-1380715200	28.5	943120
16167	-1378123200	21.6	943120
16167	-1375444800	19	943120
16167	-1372852800	18.9	943120
16167	-1370174400	19.8	943120
16167	-1367496000	24	943120
16167	-1364904000	25.7	943120
16167	-1362225600	29.8	943120
16167	-1359633600	30.6	943120
16167	-1356955200	30.9	943120
16167	-1354276800	30.5	943120
16167	-1351857600	30.6	943120
16167	-1349179200	27.4	943120
16167	-1346587200	22.3	943120
16167	-1343908800	20.4	943120
16167	-1341316800	18.9	943120
16167	-1338638400	21.2	943120
16167	-1335960000	24.3	943120
16167	-1333368000	26.4	943120
16167	-1330689600	27.6	943120
16167	-1328097600	29.5	943120
16167	-1325419200	31.1	943120
16167	-1322740800	30.5	943120
16167	-1320235200	31.2	943120
16167	-1317556800	30.1	943120
16167	-1314964800	23	943120
16167	-1312286400	19.4	943120
16167	-1309694400	18.1	943120
16167	-1307016000	22.1	943120
16167	-1304337600	24.1	943120
16167	-1301745600	25.2	943120
16167	-1299067200	30.2	943120
16167	-1296475200	29.2	943120
16167	-1293796800	30.9	943120
16167	-1291118400	31	943120
16167	-1288699200	28.9	943120
16167	-1286020800	25.9	943120
16167	-1283428800	24	943120
16167	-1280750400	18.7	943120
16167	-1278158400	17.5	943120
16167	-1275480000	21.4	943120
16167	-1272801600	21.9	943120
16167	-1270209600	24.8	943120
16167	-1267531200	26.9	943120
16167	-1264939200	28.3	943120
16167	-1262260800	30.4	943120
16167	-1259582400	30.9	943120
16167	-1257163200	30.4	943120
16167	-1254484800	28.1	943120
16167	-1251892800	22.8	943120
16167	-1249214400	21	943120
16167	-1246622400	20.1	943120
16167	-1243944000	20.6	943120
16167	-1241265600	24.8	943120
16167	-1238673600	24.9	943120
16167	-1235995200	28.9	943120
16167	-1233403200	29.4	943120
16167	-1230724800	31.6	943120
16167	-1228046400	32	943120
16167	-1225627200	30.4	943120
16167	-1222948800	28.2	943120
16167	-1220356800	21.6	943120
16167	-1217678400	18.3	943120
16167	-1215086400	19	943120
16167	-1212408000	20.4	943120
16167	-1209729600	22.9	943120
16167	-1207137600	25.4	943120
16167	-1204459200	27.1	943120
16167	-1201867200	30.3	943120
16167	-1199188800	30.8	943120
16167	-1196510400	30.5	943120
16167	-1194004800	30.8	943120
16167	-1191326400	27.3	943120
16167	-1188734400	22.6	943120
16167	-1186056000	20.3	943120
16167	-1183464000	20	943120
16167	-1180785600	20.3	943120
16167	-1178107200	22.4	943120
16167	-1175515200	23.9	943120
16167	-1172836800	28.6	943120
16167	-1170244800	29.9	943120
16167	-1167566400	31	943120
16167	-1164888000	31.3	943120
16167	-1162468800	30.6	943120
16167	-1159790400	26.5	943120
16167	-1157198400	23.6	943120
16167	-1154520000	20.9	943120
16167	-1151928000	19.2	943120
16167	-1149249600	19.9	943120
16167	-1146571200	23.5	943120
16167	-1143979200	26	943120
16167	-1141300800	27.9	943120
16167	-1138708800	29.5	943120
16167	-1136030400	30.6	943120
16167	-1133352000	31.1	943120
16167	-1130932800	28.8	943120
16167	-1128254400	26.5	943120
16167	-1125662400	22.9	943120
16167	-1122984000	19.5	943120
16167	-1120392000	18.4	943120
16167	-1117713600	20	943120
16167	-1115035200	22.6	943120
16167	-1112443200	24.5	943120
16167	-1109764800	26.1	943120
16167	-1107172800	29.8	943120
16167	-1104494400	29.4	943120
16167	-1101816000	30.7	943120
16167	-1099396800	29.6	943120
16167	-1096718400	26.8	943120
16167	-1094126400	23	943120
16167	-1091448000	19.3	943120
16167	-1088856000	18.4	943120
16167	-1086177600	20.5	943120
16167	-1083499200	21.7	943120
16167	-1080907200	25.5	943120
16167	-1078228800	28.6	943120
16167	-1075636800	30.6	943120
16167	-1072958400	30.3	943120
16167	-1070280000	31.6	943120
16167	-1067774400	30.9	943120
16167	-1065096000	28	943120
16167	-1062504000	23	943120
16167	-1059825600	19.2	943120
16167	-1057233600	19.3	943120
16167	-1054555200	22.2	943120
16167	-1051876800	23.8	943120
16167	-1049284800	25.9	943120
16167	-1046606400	28.1	943120
16167	-1044014400	29.4	943120
16167	-1041336000	28.7	943120
16167	-1038657600	29.9	943120
16167	-1036238400	30	943120
16167	-1033560000	26.5	943120
16167	-1030968000	25.3	943120
16167	-1028289600	20.3	943120
16167	-1025697600	17.9	943120
16167	-1023019200	19.5	943120
16167	-1020340800	22.6	943120
16167	-1017748800	26.2	943120
16167	-1015070400	31	943120
16167	-1012478400	30.1	943120
16167	-1009800000	30.7	943120
16167	-1007121600	29.7	943120
16167	-1004702400	31.5	943120
16167	-1002024000	28.3	943120
16167	-999432000	24.7	943120
16167	-996753600	20.6	943120
16167	-994161600	18.7	943120
16167	-991483200	21	943120
16167	-988804800	24.7	943120
16167	-986212800	28.1	943120
16167	-983534400	28	943120
16167	-980942400	30.7	943120
16167	-978264000	29.2	943120
16167	-975585600	30.9	943120
16167	-973166400	30.4	943120
16167	-970488000	29.2	943120
16167	-967896000	24.5	943120
16167	-965217600	19	943120
16167	-962625600	17.6	943120
16167	-959947200	19.6	943120
16167	-957268800	22.7	943120
16167	-954676800	24.5	943120
16167	-951998400	27.4	943120
16167	-949406400	29.7	943120
16167	-946728000	28.7	943120
16167	-944049600	31.4	943120
16167	-941544000	30.3	943120
16167	-938865600	27.5	943120
16167	-936273600	22.5	943120
16167	-933595200	20.1	943120
16167	-931003200	19.3	943120
16167	-928324800	21.6	943120
16167	-925646400	24.3	943120
16167	-923054400	27.7	943120
16167	-920376000	28.3	943120
16167	-917784000	30.2	943120
16167	-915105600	30.5	943120
16167	-912427200	31.1	943120
16167	-910008000	29.4	943120
16167	-907329600	29.1	943120
16167	-904737600	24.4	943120
16167	-902059200	19.9	943120
16167	-899467200	21.4	943120
16167	-896788800	20.2	943120
16167	-894110400	24.1	943120
16167	-891518400	24.5	943120
16167	-888840000	27.6	943120
16167	-886248000	30.9	943120
16167	-883569600	29.2	943120
16167	-880891200	30.2	943120
16167	-878472000	30	943120
16167	-875793600	27.4	943120
16167	-873201600	24.2	943120
16167	-870523200	20.6	943120
16167	-867931200	19.1	943120
16167	-865252800	21.6	943120
16167	-862574400	23.4	943120
16167	-859982400	25.5	943120
16167	-857304000	27.7	943120
16167	-854712000	29.3	943120
16167	-852033600	30.8	943120
16167	-849355200	29.1	943120
16167	-846936000	29.5	943120
16167	-844257600	27.7	943120
16167	-841665600	22.3	943120
16167	-838987200	18.8	943120
16167	-836395200	18.6	943120
16167	-833716800	20	943120
16167	-831038400	22.2	943120
16167	-828446400	25.2	943120
16167	-825768000	28.1	943120
16167	-823176000	30.4	943120
16167	-820497600	30.4	943120
16167	-817819200	30.5	943120
16167	-815313600	30.5	943120
16167	-812635200	27.5	943120
16167	-810043200	22.9	943120
16167	-807364800	19.5	943120
16167	-804772800	18.2	943120
16167	-802094400	21.4	943120
16167	-799416000	25	943120
16167	-796824000	27	943120
16167	-794145600	28.7	943120
16167	-791553600	28.8	943120
16167	-788875200	32.3	943120
16167	-786196800	30.3	943120
16167	-783777600	29.3	943120
16167	-781099200	28	943120
16167	-778507200	23.5	943120
16167	-775828800	20.2	943120
16167	-773236800	18	943120
16167	-770558400	21.8	943120
16167	-767880000	22.2	943120
16167	-765288000	24.6	943120
16167	-762609600	28	943120
16167	-760017600	29.5	943120
16167	-757339200	30.2	943120
16167	-754660800	29.2	943120
16167	-752241600	30.2	943120
16167	-749563200	25.5	943120
16167	-746971200	24.4	943120
16167	-744292800	19.8	943120
16167	-741700800	19.7	943120
16167	-739022400	22.4	943120
16167	-736344000	22.7	943120
16167	-733752000	27.1	943120
16167	-731073600	26.8	943120
16167	-728481600	29.8	943120
16167	-725803200	31.4	943120
16167	-723124800	29.8	943120
16167	-720705600	29.2	943120
16167	-718027200	28.1	943120
16167	-715435200	24.2	943120
16167	-712756800	21.8	943120
16167	-710164800	21.2	943120
16167	-707486400	21.5	943120
16167	-704808000	23.4	943120
16167	-702216000	24.5	943120
16167	-699537600	27.2	943120
16167	-696945600	29.9	943120
16167	-694267200	30.9	943120
16167	-691588800	31	943120
16167	-689083200	30.3	943120
16167	-686404800	27.9	943120
16167	-683812800	24.1	943120
16167	-681134400	19.9	943120
16168	326030400	23	943130
16168	328708800	18.8	943130
16168	331300800	16.9	943130
16168	333979200	21.2	943130
16168	336657600	27.1	943130
16168	339249600	26.6	943130
16168	341928000	30.6	943130
16168	344520000	33.9	943130
16168	347198400	33.5	943130
16168	349876800	30	943130
16168	352296000	30	943130
16168	354974400	29.5	943130
16168	357566400	22.2	943130
16168	360244800	17.5	943130
16168	362836800	17.3	943130
16168	365515200	21.2	943130
16168	368193600	26.6	943130
16168	370785600	28.8	943130
16168	373464000	28.7	943130
16168	376056000	33.3	943130
16168	378734400	31.2	943130
16168	381412800	29.6	943130
16168	383832000	28.5	943130
16168	386510400	26.5	943130
16168	389102400	21.6	943130
16168	391780800	17.1	943130
16168	394372800	17.8	943130
16168	397051200	21.3	943130
16168	399729600	23.1	943130
16168	402321600	28.6	943130
16168	4.05e+08	31.2	943130
16168	407592000	32.9	943130
16168	410270400	32.4	943130
16168	412948800	33.5	943130
16168	415368000	31.3	943130
16168	418046400	25.7	943130
16168	420638400	23	943130
16168	423316800	20.1	943130
16168	425908800	17.1	943130
16168	428587200	20.9	943130
16168	431265600	26	943130
16168	433857600	28.9	943130
16168	436536000	31.6	943130
16168	439128000	32.2	943130
16168	441806400	33.1	943130
16168	444484800	33.6	943130
16168	446990400	28.4	943130
16168	449668800	27	943130
16168	452260800	23.2	943130
16168	454939200	18.5	943130
16168	457531200	16.1	943130
16168	460209600	19.4	943130
16168	462888000	22.1	943130
16168	465480000	29.6	943130
16168	468158400	31.5	943130
16168	470750400	31.1	943130
16168	473428800	34.3	943130
16168	476107200	31.6	943130
16168	478526400	31	943130
16168	481204800	27.2	943130
16168	483796800	22	943130
16168	486475200	18.3	943130
16168	489067200	18.4	943130
16168	491745600	20.7	943130
16168	494424000	24.7	943130
16168	497016000	27.2	943130
16168	499694400	32.3	943130
16168	502286400	33.4	943130
16168	504964800	32.5	943130
16168	507643200	32.8	943130
16168	510062400	33.4	943130
16168	512740800	28.2	943130
16168	515332800	22.3	943130
16168	518011200	19.4	943130
16168	520603200	16	943130
16168	523281600	18.7	943130
16168	525960000	23.2	943130
16168	528552000	25.6	943130
16168	531230400	32.2	943130
16168	533822400	34.6	943130
16168	536500800	32.2	943130
16168	539179200	30.7	943130
16168	541598400	30.7	943130
16168	544276800	29.5	943130
16168	546868800	21.1	943130
16168	549547200	19.5	943130
16168	552139200	19.2	943130
16168	554817600	20.3	943130
16168	557496000	24.4	943130
16168	560088000	28.4	943130
16168	562766400	29.8	943130
16168	565358400	33.1	943130
16168	568036800	34.9	943130
16168	570715200	32	943130
16168	573220800	31.2	943130
16168	575899200	27.4	943130
16168	578491200	20.7	943130
16168	581169600	19.1	943130
16168	583761600	19.1	943130
16168	586440000	20.3	943130
16168	589118400	24.8	943130
16168	591710400	30.6	943130
16168	594388800	29.8	943130
16168	596980800	30.3	943130
16168	599659200	32.4	943130
16168	602337600	32.7	943130
16168	604756800	29.7	943130
16168	607435200	27.3	943130
16168	610027200	22.4	943130
16168	612705600	16.5	943130
16168	615297600	17.6	943130
16168	617976000	19.1	943130
16168	620654400	25.4	943130
16168	623246400	27.7	943130
16168	625924800	31.1	943130
16168	628516800	33.6	943130
16168	631195200	31.8	943130
16168	633873600	30.4	943130
16168	636292800	31.6	943130
16168	638971200	28.8	943130
16168	641563200	23.6	943130
16168	644241600	18.7	943130
16168	646833600	17.6	943130
16168	649512000	21.5	943130
16168	652190400	24.2	943130
16168	654782400	28.3	943130
16168	657460800	33.9	943130
16168	660052800	33.6	943130
16168	662731200	35.1	943130
16168	665409600	33.8	943130
16168	667828800	31.8	943130
16168	670507200	28.5	943130
16168	673099200	23.4	943130
16168	675777600	19	943130
16168	678369600	18.5	943130
16168	681048000	20.9	943130
16168	683726400	23.4	943130
16168	686318400	31.3	943130
16168	688996800	29.4	943130
16168	691588800	33.6	943130
16168	694267200	32.3	943130
16168	696945600	33.2	943130
16168	699451200	30.7	943130
16168	702129600	27.4	943130
16168	704721600	21.5	943130
16168	707400000	20.3	943130
16168	709992000	19.5	943130
16168	712670400	19	943130
16168	715348800	22.9	943130
16168	717940800	27	943130
16168	720619200	29.4	943130
16168	723211200	32.8	943130
16168	725889600	33.8	943130
16168	728568000	31.2	943130
16168	730987200	31.8	943130
16168	733665600	29.1	943130
16168	736257600	21.7	943130
16168	738936000	18.1	943130
16168	741528000	17.4	943130
16168	744206400	18.9	943130
16168	746884800	22.7	943130
16168	749476800	26.6	943130
16168	752155200	30.2	943130
16168	754747200	33.1	943130
16168	757425600	34.2	943130
16168	760104000	31.2	943130
16168	762523200	30.1	943130
16168	765201600	27.1	943130
16168	767793600	22.9	943130
16168	770472000	18	943130
16168	773064000	18	943130
16168	775742400	21.1	943130
16168	778420800	26.4	943130
16168	781012800	29.9	943130
16168	783691200	32.2	943130
16168	786283200	32.3	943130
16168	788961600	33.6	943130
16168	791640000	28.2	943130
16168	794059200	28.1	943130
16168	796737600	26	943130
16168	799329600	20.6	943130
16168	802008000	17.7	943130
16168	804600000	17.2	943130
16168	807278400	20.3	943130
16168	809956800	24.6	943130
16168	812548800	27.5	943130
16168	815227200	30.4	943130
16168	817819200	31.3	943130
16168	820497600	34.6	943130
16168	823176000	32.8	943130
16168	825681600	31.9	943130
16168	828360000	27.8	943130
16168	830952000	23.1	943130
16168	833630400	21.5	943130
16168	836222400	19.4	943130
16168	838900800	21.2	943130
16168	841579200	24.8	943130
16168	844171200	29.3	943130
16168	846849600	31.6	943130
16168	849441600	32.5	943130
16168	852120000	29.6	943130
16168	854798400	28.8	943130
16168	857217600	30.8	943130
16168	859896000	25.8	943130
16168	862488000	21.9	943130
16168	865166400	18.8	943130
16168	867758400	16.7	943130
16168	870436800	19.8	943130
16168	873115200	24	943130
16168	875707200	28.9	943130
16168	878385600	30.7	943130
16168	880977600	34.3	943130
16168	883656000	34.5	943130
16168	886334400	35.2	943130
16168	888753600	31.5	943130
16168	891432000	27.7	943130
16168	894024000	25.7	943130
16168	896702400	19	943130
16168	899294400	16.8	943130
16168	901972800	21.2	943130
16168	904651200	24.4	943130
16168	907243200	29.9	943130
16168	909921600	32.1	943130
16168	912513600	31.1	943130
16168	915192000	33.5	943130
16168	917870400	28.3	943130
16168	920289600	29.4	943130
16168	922968000	23.5	943130
16168	925560000	21.6	943130
16168	928238400	18.5	943130
16168	930830400	17.3	943130
16168	933508800	20.7	943130
16168	936187200	24.3	943130
16168	938779200	27.4	943130
16168	941457600	29.4	943130
16168	944049600	30.4	943130
16168	946728000	28.8	943130
16168	949406400	29.8	943130
16168	951912000	27.5	943130
16168	954590400	24.8	943130
16168	957182400	18.7	943130
16168	959860800	17.1	943130
16168	962452800	18.9	943130
16168	965131200	18.4	943130
16168	967809600	25.6	943130
16168	970401600	27	943130
16168	973080000	29.1	943130
16168	975672000	32.5	943130
16168	978350400	31.3	943130
16168	981028800	29.3	943130
16168	983448000	28.3	943130
16168	986126400	26.5	943130
16168	988718400	21.3	943130
16168	991396800	17.8	943130
16168	993988800	17.8	943130
16168	996667200	20.6	943130
16168	999345600	23.1	943130
16168	1001937600	25.2	943130
16168	1004616000	30.4	943130
16168	1007208000	31.6	943130
16168	1009886400	33.2	943130
16168	1012564800	30.2	943130
16168	1014984000	30.5	943130
16168	1017662400	29.6	943130
16168	1020254400	25.4	943130
16168	1022932800	19.2	943130
16168	1025524800	19.1	943130
16168	1028203200	21.3	943130
16168	1030881600	24.1	943130
16168	1033473600	31.1	943130
16168	1036152000	32.2	943130
16168	1038744000	33.2	943130
16168	1041422400	33.4	943130
16168	1044100800	32.7	943130
16168	1046520000	29.5	943130
16168	1049198400	26.8	943130
16168	1051790400	23.6	943130
16168	1054468800	19.4	943130
16168	1057060800	19.3	943130
16168	1059739200	19.4	943130
16168	1062417600	24.7	943130
16168	1065009600	27	943130
16168	1067688000	31.2	943130
16168	1070280000	33.7	943130
16168	1072958400	34.1	943130
16168	1075636800	30.6	943130
16168	1078142400	28.9	943130
16168	1080820800	26.8	943130
16168	1083412800	20.9	943130
16168	1086091200	19.5	943130
16168	1088683200	18.6	943130
16168	1091361600	19.3	943130
16168	1094040000	23.5	943130
16168	1096632000	31.2	943130
16168	1099310400	30.9	943130
16168	1101902400	33.9	943130
16168	1104580800	35.4	943130
16168	1107259200	34.9	943130
16168	1109678400	32.7	943130
16168	1112356800	30.6	943130
16168	1114948800	25.1	943130
16168	1117627200	18	943130
16168	1120219200	18.1	943130
16169	-823176000	33.8	943150
16169	-820497600	34.5	943150
16169	-817819200	34.2	943150
16169	-815313600	33.2	943150
16169	-812635200	29.1	943150
16169	-810043200	23.7	943150
16169	-807364800	20.1	943150
16169	-804772800	18.8	943150
16169	-802094400	22	943150
16169	-799416000	28	943150
16169	-796824000	29.6	943150
16169	-794145600	33.3	943150
16169	-791553600	33.3	943150
16169	-788875200	34.3	943150
16169	-786196800	34.3	943150
16169	-783777600	31.1	943150
16169	-781099200	29.3	943150
16169	-778507200	24.2	943150
16169	-775828800	21	943150
16169	-773236800	19.5	943150
16169	-770558400	22.9	943150
16169	-767880000	24.3	943150
16169	-765288000	27.5	943150
16169	-762609600	32.5	943150
16169	-760017600	33.3	943150
16169	-757339200	33.6	943150
16169	-754660800	30.5	943150
16169	-752241600	30.4	943150
16169	-749563200	25.6	943150
16169	-746971200	24.4	943150
16169	-744292800	19.5	943150
16169	-741700800	19.5	943150
16169	-739022400	22.6	943150
16169	-736344000	24.2	943150
16169	-733752000	29.2	943150
16169	-731073600	29.6	943150
16169	-728481600	34.3	943150
16169	-725803200	34.6	943150
16169	-723124800	32	943150
16169	-720705600	29.4	943150
16169	-718027200	27.9	943150
16169	-715435200	24.2	943150
16169	-712756800	22.1	943150
16169	-710164800	20.9	943150
16169	-707486400	20.6	943150
16169	-704808000	23.3	943150
16169	-702216000	26.3	943150
16169	-699537600	32	943150
16169	-696945600	32.6	943150
16169	-694267200	32.5	943150
16169	-691588800	31.7	943150
16169	-689083200	29.2	943150
16169	-686404800	27	943150
16169	-683812800	23.1	943150
16169	-681134400	19.2	943150
16169	-678542400	18.9	943150
16169	-675864000	20.5	943150
16169	-673185600	24.8	943150
16169	-670593600	29.2	943150
16169	-667915200	30.5	943150
16169	-665323200	33	943150
16169	-662644800	33.3	943150
16169	-659966400	28.9	943150
16169	-657547200	30.2	943150
16169	-654868800	25.8	943150
16169	-652276800	21.8	943150
16169	-649598400	18.9	943150
16169	-647006400	18.7	943150
16169	-644328000	22.3	943150
16169	-641649600	23.9	943150
16169	-639057600	27.4	943150
16169	-636379200	30.2	943150
16169	-633787200	33.7	943150
16169	-631108800	34.1	943150
16169	-628430400	33	943150
16169	-626011200	31.6	943150
16169	-623332800	27.4	943150
16169	-620740800	23.9	943150
16169	-618062400	18.2	943150
16169	-615470400	17.5	943150
16169	-612792000	20.7	943150
16169	-610113600	25.7	943150
16169	-607521600	27.5	943150
16169	-604843200	32.1	943150
16169	-602251200	34	943150
16169	-599572800	33.2	943150
16169	-596894400	32.6	943150
16169	-594475200	32.8	943150
16169	-591796800	29.7	943150
16169	-589204800	22.8	943150
16169	-586526400	20.8	943150
16169	-583934400	18.8	943150
16169	-581256000	19.8	943150
16169	-578577600	25.3	943150
16169	-575985600	28.3	943150
16169	-573307200	34.5	943150
16169	-570715200	33.5	943150
16169	-568036800	33.4	943150
16169	-565358400	34	943150
16169	-562852800	31.4	943150
16169	-560174400	29.3	943150
16169	-557582400	22.6	943150
16169	-554904000	19.4	943150
16169	-552312000	19	943150
16169	-549633600	19.9	943150
16169	-546955200	25.7	943150
16169	-544363200	28.2	943150
16169	-541684800	31.2	943150
16169	-539092800	33	943150
16169	-536414400	34.5	943150
16169	-533736000	32.7	943150
16169	-531316800	33.7	943150
16169	-528638400	30.2	943150
16169	-526046400	22.4	943150
16169	-523368000	20.3	943150
16169	-520776000	20.1	943150
16169	-518097600	18.5	943150
16169	-515419200	23.7	943150
16169	-512827200	28.5	943150
16169	-510148800	31.6	943150
16169	-507556800	34.2	943150
16169	-504878400	34.2	943150
16169	-502200000	33.4	943150
16169	-499780800	33.7	943150
16169	-497102400	27	943150
16169	-494510400	24.3	943150
16169	-491832000	19.2	943150
16169	-489240000	19.2	943150
16169	-486561600	21.5	943150
16169	-483883200	26.3	943150
16169	-481291200	29.4	943150
16169	-478612800	31.6	943150
16169	-476020800	34.1	943150
16169	-473342400	32.2	943150
16169	-470664000	32.5	943150
16169	-468244800	31.3	943150
16169	-465566400	28.2	943150
16169	-462974400	22	943150
16169	-460296000	18.2	943150
16169	-457704000	18.2	943150
16169	-455025600	21.2	943150
16169	-452347200	26	943150
16169	-449755200	26.6	943150
16169	-447076800	30.8	943150
16169	-444484800	32.9	943150
16169	-441806400	33.6	943150
16169	-439128000	32.3	943150
16169	-436622400	29.4	943150
16169	-433944000	28.4	943150
16169	-431352000	21.3	943150
16169	-428673600	19.5	943150
16169	-426081600	17.4	943150
16169	-423403200	20.9	943150
16169	-420724800	24.3	943150
16169	-418132800	27.8	943150
16169	-415454400	31.7	943150
16169	-412862400	33.8	943150
16169	-410184000	34.8	943150
16169	-407505600	31.6	943150
16169	-405086400	32	943150
16169	-402408000	30.1	943150
16169	-399816000	24.6	943150
16169	-397137600	21.1	943150
16169	-394545600	17.7	943150
16169	-391867200	20.4	943150
16169	-389188800	26.7	943150
16169	-386596800	29.9	943150
16169	-383918400	33.7	943150
16169	-381326400	32.4	943150
16169	-378648000	32.2	943150
16169	-375969600	33.9	943150
16169	-373550400	31.2	943150
16169	-370872000	30.5	943150
16169	-368280000	26.6	943150
16169	-365601600	22	943150
16169	-363009600	17.8	943150
16169	-360331200	20.5	943150
16169	-357652800	23.3	943150
16169	-355060800	26.7	943150
16169	-352382400	31.9	943150
16169	-349790400	33.8	943150
16169	-347112000	34.7	943150
16169	-344433600	33.9	943150
16169	-342014400	33.7	943150
16169	-339336000	29.7	943150
16169	-336744000	22.9	943150
16169	-334065600	20.7	943150
18887	286718400	28.7	943050
18887	289137600	28.8	943050
18887	291816000	27.4	943050
18887	294408000	21.7	943050
18887	297086400	20.5	943050
18887	299678400	19	943050
18887	302356800	20	943050
18887	305035200	22.4	943050
18887	307627200	25.5	943050
18887	310305600	27.5	943050
18887	312897600	31.5	943050
18887	315576000	31	943050
18887	318254400	30.7	943050
18887	320760000	32.9	943050
18887	323438400	27.2	943050
18887	326030400	24.7	943050
18887	328708800	20.5	943050
18887	331300800	18.3	943050
18887	333979200	21.3	943050
18887	336657600	24.5	943050
18887	339249600	23.6	943050
18887	341928000	26.5	943050
18887	344520000	30.1	943050
18887	347198400	30.5	943050
18887	349876800	29.2	943050
18887	352296000	29.3	943050
18887	354974400	28.3	943050
18887	357566400	23.6	943050
18887	360244800	19.2	943050
18887	362836800	19.1	943050
18887	365515200	21.1	943050
18887	368193600	24.5	943050
18887	370785600	26.7	943050
18887	373464000	25.4	943050
18887	376056000	28.9	943050
18887	378734400	30.3	943050
18887	381412800	29.9	943050
18887	383832000	29.3	943050
18887	386510400	28.2	943050
18887	389102400	23.6	943050
18887	391780800	19.2	943050
18887	394372800	19.4	943050
18887	397051200	22	943050
18887	399729600	22.4	943050
18887	402321600	26.4	943050
18887	4.05e+08	27.8	943050
18887	407592000	29.5	943050
18887	410270400	30.8	943050
18887	412948800	31.2	943050
18887	415368000	29.3	943050
18887	418046400	27.7	943050
18887	420638400	24.4	943050
18887	423316800	21.6	943050
18887	425908800	19	943050
18887	428587200	20.7	943050
18887	431265600	23.6	943050
18887	433857600	25.5	943050
18887	436536000	27.9	943050
18887	439128000	28.8	943050
18887	441806400	31	943050
18887	444484800	30.7	943050
18887	446990400	29.6	943050
18887	449668800	27.9	943050
18887	452260800	24.9	943050
18887	454939200	20.9	943050
18888	1262347200	31	943080
18888	1265025600	31.3	943080
18888	1267444800	32.5	943080
18888	1270123200	29.2	943080
18888	1272715200	24.7	943080
18888	1275393600	22.7	943080
18888	1277985600	21.6	943080
18888	1280664000	22	943080
18888	1283342400	23.5	943080
18888	1285934400	28.5	943080
18888	1288612800	30.2	943080
18888	1291204800	30.5	943080
18888	1293883200	31.5	943080
18888	1296561600	29.4	943080
18888	1298980800	30.1	943080
18888	1301659200	28.2	943080
18888	1304251200	22.2	943080
18888	1306929600	19.2	943080
18888	1309521600	20.6	943080
18888	1312200000	21.8	943080
18888	1314878400	23.1	943080
18888	1317470400	26.2	943080
18888	1320148800	28.2	943080
18888	1322740800	30.2	943080
18889	-134136000	27.6	943090
18889	-131457600	30	943090
18889	-128865600	31.9	943090
18889	-126187200	33.1	943090
18889	-123508800	30.6	943090
18889	-121089600	31	943090
18890	-673185600	23.5	943120
18890	-670593600	27.2	943120
18890	-667915200	27.6	943120
18890	-665323200	29.6	943120
18890	-662644800	31.5	943120
18890	-659966400	29.3	943120
18890	-657547200	30.4	943120
18890	-654868800	26.3	943120
18890	-652276800	22.9	943120
18890	-649598400	19.5	943120
18890	-647006400	19	943120
18890	-644328000	22.1	943120
18890	-641649600	22.2	943120
18890	-639057600	24.3	943120
18890	-636379200	27.4	943120
18890	-633787200	31.5	943120
18890	-631108800	31.4	943120
18890	-628430400	31	943120
18890	-626011200	30.6	943120
18890	-623332800	27.6	943120
18890	-620740800	24.1	943120
18890	-618062400	18.6	943120
18890	-615470400	17.6	943120
18890	-612792000	20.7	943120
18890	-610113600	23.3	943120
18890	-607521600	25.3	943120
18890	-604843200	28.7	943120
18890	-602251200	30.2	943120
18890	-599572800	29.1	943120
18890	-596894400	30.5	943120
18890	-594475200	31.1	943120
18890	-591796800	28.9	943120
18890	-589204800	23.3	943120
18890	-586526400	20.6	943120
18890	-583934400	19.2	943120
18890	-581256000	19.4	943120
18890	-578577600	22.5	943120
18890	-575985600	25.1	943120
18890	-573307200	31.6	943120
18890	-570715200	29.6	943120
18890	-568036800	30.9	943120
18890	-565358400	31.9	943120
18890	-562852800	31	943120
18890	-560174400	28.5	943120
18890	-557582400	23.8	943120
18890	-554904000	18.9	943120
18890	-552312000	19.9	943120
18890	-549633600	19	943120
18890	-546955200	23.1	943120
18890	-544363200	24.7	943120
18890	-541684800	28.2	943120
18890	-539092800	28.6	943120
18890	-536414400	31.1	943120
18890	-533736000	29.8	943120
18890	-531316800	32.4	943120
18890	-528638400	29.6	943120
18890	-526046400	23.2	943120
18890	-523368000	20.2	943120
18890	-520776000	19.8	943120
18890	-518097600	18.7	943120
18890	-515419200	22.3	943120
18890	-512827200	25.8	943120
18890	-510148800	29.4	943120
18890	-507556800	30.5	943120
18890	-504878400	31.3	943120
18890	-502200000	31.8	943120
18890	-499780800	31.4	943120
18890	-497102400	27.3	943120
18890	-494510400	25.1	943120
18890	-491832000	19.1	943120
18890	-489240000	19.5	943120
18890	-486561600	20.8	943120
18890	-483883200	23.6	943120
18890	-481291200	27.7	943120
18890	-478612800	28.8	943120
18890	-476020800	30.7	943120
18890	-473342400	30.3	943120
18890	-470664000	31.1	943120
18890	-468244800	31	943120
18890	-465566400	28.1	943120
18890	-462974400	22.9	943120
18890	-460296000	18.6	943120
18890	-457704000	19.1	943120
18890	-455025600	21.3	943120
18890	-452347200	24.9	943120
18890	-449755200	24.1	943120
18890	-447076800	28.8	943120
18890	-444484800	29.8	943120
18890	-441806400	31.1	943120
18890	-439128000	30.4	943120
18890	-436622400	29.2	943120
18890	-433944000	28	943120
18890	-431352000	21.3	943120
18890	-428673600	19.3	943120
18890	-426081600	17.5	943120
18890	-423403200	21	943120
18890	-420724800	22.6	943120
18890	-418132800	24.3	943120
18890	-415454400	28.4	943120
18890	-412862400	28.4	943120
18890	-410184000	31.1	943120
18890	-407505600	30.2	943120
18890	-405086400	30.2	943120
18890	-402408000	28.2	943120
18890	-399816000	24.7	943120
18890	-397137600	20.4	943120
18890	-394545600	17.8	943120
18890	-391867200	19.8	943120
18890	-389188800	23.4	943120
18890	-386596800	27.5	943120
18890	-383918400	30.5	943120
18890	-381326400	30.6	943120
18890	-378648000	30.7	943120
18890	-375969600	31.9	943120
18890	-373550400	29.9	943120
18890	-370872000	30	943120
18890	-368280000	26.8	943120
18890	-365601600	21.8	943120
18890	-363009600	18.2	943120
18890	-360331200	20.1	943120
18890	-357652800	22	943120
18890	-355060800	24.6	943120
18890	-352382400	29.7	943120
18890	-349790400	29.7	943120
18890	-347112000	30.7	943120
18890	-344433600	30.4	943120
18890	-342014400	30.6	943120
18890	-339336000	29.4	943120
18890	-336744000	23.2	943120
18890	-334065600	20.6	943120
18890	-331473600	20.4	943120
18890	-328795200	21.9	943120
18890	-326116800	24.1	943120
18890	-323524800	26.7	943120
18890	-320846400	29.3	943120
18890	-318254400	28.7	943120
18890	-315576000	29.6	943120
18890	-312897600	29.5	943120
18890	-310392000	29.8	943120
18890	-307713600	28.3	943120
18890	-305121600	21.8	943120
18890	-302443200	20.1	943120
18890	-299851200	20	943120
18890	-297172800	20.6	943120
18890	-294494400	21.9	943120
18890	-291902400	27.4	943120
18890	-289224000	28.7	943120
18890	-286632000	29.2	943120
18890	-283953600	30.7	943120
18890	-281275200	29.5	943120
18890	-278856000	30	943120
18890	-276177600	28.3	943120
18890	-273585600	23.7	943120
18890	-270907200	19.8	943120
18890	-268315200	17.6	943120
18890	-265636800	19.3	943120
18890	-262958400	23.2	943120
18890	-260366400	29.2	943120
18890	-257688000	29.7	943120
18890	-255096000	31.1	943120
18890	-252417600	30.6	943120
18890	-249739200	30.3	943120
18890	-247320000	30.7	943120
18890	-244641600	28	943120
18890	-242049600	23	943120
18890	-239371200	22.4	943120
18890	-236779200	19	943120
18890	-234100800	20.3	943120
18890	-231422400	23.2	943120
18890	-228830400	25	943120
18890	-226152000	29	943120
18890	-223560000	31.5	943120
18890	-220881600	30.1	943120
18890	-218203200	29.1	943120
18890	-215784000	30.6	943120
18890	-213105600	27.5	943120
18890	-210513600	23.4	943120
18890	-207835200	19.1	943120
18890	-205243200	19.6	943120
18890	-202564800	19.8	943120
18890	-199886400	23.6	943120
18890	-197294400	27.6	943120
18890	-194616000	28.9	943120
18890	-192024000	29.3	943120
18890	-189345600	31.1	943120
18890	-186667200	31	943120
18890	-184161600	30.9	943120
18890	-181483200	28.2	943120
18890	-178891200	23.8	943120
18890	-176212800	21.2	943120
18890	-173620800	19.8	943120
18890	-170942400	21.2	943120
18890	-168264000	23.8	943120
18890	-165672000	24.6	943120
18890	-162993600	28	943120
18890	-160401600	29.5	943120
18890	-157723200	31.4	943120
18890	-155044800	32.3	943120
18890	-152625600	29.6	943120
18890	-149947200	27.9	943120
18890	-147355200	25.2	943120
18890	-144676800	22.3	943120
18890	-142084800	19.3	943120
18890	-139406400	20.7	943120
18890	-136728000	23.1	943120
18890	-134136000	26.5	943120
18890	-131457600	28.6	943120
18890	-128865600	30.3	943120
18890	-126187200	31.1	943120
18890	-123508800	30	943120
18890	-121089600	30.3	943120
18890	-118411200	27.8	943120
18890	-115819200	22.4	943120
18890	-113140800	20.3	943120
18890	-110548800	18.7	943120
18890	-107870400	19.8	943120
18890	-105192000	21	943120
18890	-102600000	25.1	943120
18890	-99921600	27	943120
18890	-97329600	29.4	943120
18890	-94651200	29.4	943120
18891	1130846400	32.5	943130
18891	1133438400	33.6	943130
18891	1136116800	29.8	943130
18891	1138795200	28.8	943130
18891	1141214400	28.7	943130
18891	1143892800	24.3	943130
18891	1146484800	20.6	943130
18891	1149163200	17	943130
18891	1151755200	16.9	943130
18891	1154433600	21.4	943130
18891	1157112000	24.9	943130
18891	1159704000	29.9	943130
18891	1162382400	32	943130
18891	1164974400	31.5	943130
18891	1167652800	33.4	943130
18891	1170331200	35.1	943130
18891	1172750400	29.4	943130
18891	1175428800	27.2	943130
18891	1178020800	23.5	943130
18891	1180699200	17.6	943130
18891	1183291200	19.2	943130
18891	1185969600	20.5	943130
18891	1188648000	25.6	943130
18891	1191240000	29.5	943130
18891	1193918400	32.4	943130
18891	1196510400	32.3	943130
18891	1199188800	34.7	943130
18891	1201867200	30.8	943130
18891	1204372800	30	943130
18891	1207051200	28.2	943130
18891	1209643200	23.7	943130
18891	1212321600	18.8	943130
18891	1214913600	18.6	943130
18891	1217592000	19.7	943130
18891	1220270400	25.7	943130
18891	1222862400	29.5	943130
18891	1225540800	28.7	943130
18891	1228132800	32.4	943130
18891	1230811200	33.1	943130
18891	1233489600	30.9	943130
18891	1235908800	30.2	943130
18891	1238587200	27.3	943130
18891	1241179200	21.4	943130
18891	1243857600	18.6	943130
18891	1246449600	18.8	943130
18891	1249128000	21.3	943130
18891	1251806400	24.2	943130
18891	1254398400	29.4	943130
18891	1257076800	30.8	943130
18891	1259668800	34.3	943130
18891	1262347200	34.4	943130
18891	1265025600	34.7	943130
18891	1267444800	32.8	943130
18891	1270123200	29.8	943130
18891	1272715200	22.9	943130
18891	1275393600	21.3	943130
18891	1277985600	19	943130
18891	1280664000	19.9	943130
18891	1283342400	21.8	943130
18891	1285934400	28.6	943130
18891	1288612800	32.2	943130
18891	1291204800	32.2	943130
18891	1293883200	32.1	943130
18891	1296561600	28.8	943130
18891	1298980800	28.4	943130
18891	1301659200	26.7	943130
18891	1304251200	20	943130
18891	1306929600	17.4	943130
18891	1309521600	18.9	943130
18891	1312200000	21.4	943130
18891	1314878400	23.5	943130
18891	1317470400	28.5	943130
18891	1320148800	29.6	943130
18891	1322740800	33.7	943130
18891	1325419200	29.4	943130
18891	1328097600	31.4	943130
18891	1330603200	28.2	943130
18891	1333281600	27.1	943130
18891	1335873600	22.6	943130
18891	1338552000	18.7	943130
18891	1341144000	17.4	943130
18891	1343822400	22.3	943130
18891	1346500800	25.4	943130
18891	1349092800	30.4	943130
18891	1351771200	31.7	943130
18891	1354363200	31.6	943130
18891	1357041600	31.3	943130
18891	1359720000	30.8	943130
18891	1362139200	31.1	943130
18891	1364817600	28.5	943130
18891	1367409600	22.4	943130
18891	1370088000	18.1	943130
18891	1372680000	18.9	943130
18891	1375358400	21.2	943130
18891	1378036800	25.6	943130
18891	1380628800	29.8	943130
18891	1383307200	31.4	943130
18891	1385899200	31.8	943130
18891	1388577600	32.2	943130
18891	1391256000	31.4	943130
18891	1393675200	32	943130
18891	1396353600	27.3	943130
18891	1398945600	23.2	943130
18891	1401624000	18.5	943130
18891	1404216000	17.2	943130
18891	1406894400	20.6	943130
18891	1409572800	26.5	943130
18891	1412164800	31.2	943130
18891	1414843200	32	943130
18891	1417435200	33.8	943130
18891	1420113600	33.2	943130
18891	1422792000	34.8	943130
18891	1425211200	29.5	943130
18891	1427889600	25.3	943130
18891	1430481600	20.5	943130
18892	-326116800	26.7	943150
18892	-323524800	30.1	943150
18892	-320846400	34	943150
18892	-318254400	33.6	943150
18892	-315576000	32.9	943150
18892	-312897600	30.5	943150
18892	-310392000	31.6	943150
18892	-307713600	28.4	943150
18892	-305121600	21.4	943150
18892	-302443200	20.1	943150
18892	-299851200	19.9	943150
18892	-297172800	20.6	943150
18892	-294494400	23.9	943150
18892	-291902400	30.4	943150
18892	-289224000	31.8	943150
18892	-286632000	34	943150
18892	-283953600	33.1	943150
18892	-281275200	30.5	943150
18892	-278856000	31	943150
18892	-276177600	28.6	943150
18892	-273585600	22.6	943150
18892	-270907200	19.8	943150
18892	-268315200	17.4	943150
18892	-265636800	20	943150
18892	-262958400	26	943150
18892	-260366400	31.6	943150
18892	-257688000	32.9	943150
18892	-255096000	35.2	943150
21327	462888000	20.6	943050
21327	465480000	26.1	943050
21327	468158400	26.5	943050
21327	470750400	27.7	943050
21327	473428800	30.3	943050
21327	476107200	31.1	943050
21327	478526400	29.9	943050
21327	481204800	28.5	943050
21327	483796800	22.7	943050
21327	486475200	20.3	943050
21327	489067200	19.4	943050
21327	491745600	20.1	943050
21327	494424000	22.4	943050
21327	497016000	22.7	943050
21327	499694400	26.2	943050
21327	502286400	28.9	943050
21327	504964800	29	943050
21327	507643200	29.8	943050
21327	510062400	30	943050
21327	512740800	27.5	943050
21327	515332800	22	943050
21327	518011200	20.5	943050
21327	520603200	16.9	943050
21327	523281600	18	943050
21327	525960000	21	943050
21327	528552000	23.2	943050
21327	531230400	26.5	943050
21327	533822400	28.3	943050
21328	-115819200	22.9	943090
21328	-113140800	20.4	943090
21328	-110548800	19.1	943090
21328	-107870400	20.4	943090
21328	-105192000	22.7	943090
21328	-102600000	25.6	943090
21328	-99921600	28.2	943090
21328	-97329600	31.3	943090
21328	-94651200	30.3	943090
21328	-91972800	30	943090
21328	-89553600	30.4	943090
21328	-86875200	29.2	943090
21328	-84283200	25.5	943090
21328	-81604800	19.9	943090
21328	-79012800	18.6	943090
21328	-76334400	20.6	943090
21329	-89553600	29.7	943120
21329	-86875200	28.3	943120
21329	-84283200	25.3	943120
21329	-81604800	19	943120
21329	-79012800	18.2	943120
21329	-76334400	20.1	943120
21329	-73656000	23	943120
21329	-71064000	27.7	943120
21329	-68385600	30.4	943120
21329	-65793600	28.6	943120
21329	-63115200	31.2	943120
21329	-60436800	31.4	943120
21329	-57931200	30.3	943120
21329	-55252800	27.9	943120
21329	-52660800	22.5	943120
21329	-49982400	21.7	943120
21329	-47390400	18.9	943120
21329	-44712000	18.9	943120
21329	-42033600	22.9	943120
21329	-39441600	27.2	943120
21329	-36763200	29.3	943120
21329	-34171200	29.8	943120
21329	-31492800	31.6	943120
21329	-28814400	30.7	943120
21329	-26395200	30.7	943120
21329	-23716800	27.6	943120
21329	-21124800	25	943120
21329	-18446400	19.2	943120
21329	-15854400	19.9	943120
21329	-13176000	20.3	943120
21329	-10497600	22	943120
21329	-7905600	26.9	943120
21329	-5227200	28.8	943120
21329	-2635200	29	943120
21329	43200	31.6	943120
21329	2721600	31.2	943120
21329	5140800	30.6	943120
21329	7819200	28.1	943120
21329	10411200	23.5	943120
21329	13089600	21.9	943120
21329	15681600	20.1	943120
21329	18360000	21	943120
21329	21038400	21.9	943120
21329	23630400	28	943120
21329	26308800	28.2	943120
21329	28900800	30.8	943120
21329	31579200	30.6	943120
21329	34257600	30.9	943120
21329	36676800	30.6	943120
21329	39355200	27.5	943120
21329	41947200	23.9	943120
21329	44625600	18.9	943120
21329	47217600	18.7	943120
21329	49896000	20.6	943120
21329	52574400	23.3	943120
21329	55166400	26.3	943120
21329	57844800	27.1	943120
21329	60436800	30.2	943120
21329	63115200	29.8	943120
21329	65793600	31.5	943120
21329	68299200	29.9	943120
21329	70977600	27.7	943120
21329	73569600	24	943120
21329	76248000	21.1	943120
21329	78840000	20.3	943120
21329	81518400	20.4	943120
21329	84196800	24.2	943120
21329	86788800	27.1	943120
21329	89467200	30.5	943120
21329	92059200	31.5	943120
21329	94737600	30.7	943120
21329	97416000	32.1	943120
21329	99835200	31.3	943120
21329	102513600	28.3	943120
21329	105105600	25.1	943120
21329	107784000	20.6	943120
21329	110376000	22.7	943120
21329	113054400	21.9	943120
21329	115732800	22.2	943120
21329	118324800	27.3	943120
21329	121003200	29.1	943120
21329	123595200	30.6	943120
21329	126273600	29.4	943120
21329	128952000	30.3	943120
21329	131371200	30.2	943120
21329	134049600	26.5	943120
21329	136641600	23.5	943120
21329	139320000	20.1	943120
21329	141912000	20	943120
21329	144590400	21.6	943120
21329	147268800	23.1	943120
21329	149860800	25.9	943120
21329	152539200	27.1	943120
21329	155131200	30	943120
21329	157809600	30.5	943120
21329	160488000	30	943120
21329	162907200	30.9	943120
21329	165585600	28.4	943120
21329	168177600	24.6	943120
21329	170856000	20.6	943120
21329	173448000	21.2	943120
21329	176126400	20.2	943120
21329	178804800	24.3	943120
21329	181396800	25.3	943120
21329	184075200	28.7	943120
21329	186667200	29.9	943120
21329	189345600	29.9	943120
21329	192024000	30.8	943120
21329	194529600	28.9	943120
21329	197208000	27.7	943120
21329	199800000	23.3	943120
21329	202478400	19.7	943120
21329	205070400	19.6	943120
21329	207748800	21	943120
21329	210427200	22.2	943120
21329	213019200	24.7	943120
21329	215697600	26.6	943120
21330	-247320000	31.9	943150
21330	-244641600	28.4	943150
21330	-242049600	22.9	943150
21330	-239371200	22.2	943150
21330	-236779200	18.5	943150
21330	-234100800	19.8	943150
21330	-231422400	24.6	943150
21330	-228830400	27.5	943150
21330	-226152000	31.4	943150
21330	-223560000	34.5	943150
21330	-220881600	31.6	943150
21330	-218203200	29.9	943150
21330	-215784000	31.6	943150
21330	-213105600	27.4	943150
21330	-210513600	23.2	943150
21330	-207835200	18.7	943150
21330	-205243200	19.1	943150
21330	-202564800	19.9	943150
21330	-199886400	25.3	943150
21330	-197294400	29.7	943150
21330	-194616000	31.9	943150
21330	-192024000	33	943150
21330	-189345600	33.8	943150
21330	-186667200	33.3	943150
21330	-184161600	32.2	943150
21330	-181483200	28.7	943150
21330	-178891200	22.9	943150
21330	-176212800	20.7	943150
21330	-173620800	19.2	943150
21330	-170942400	21.4	943150
21330	-168264000	26	943150
21330	-165672000	26.9	943150
21330	-162993600	30	943150
21330	-160401600	33.3	943150
21330	-157723200	33.9	943150
21330	-155044800	34.5	943150
21330	-152625600	30.1	943150
21330	-149947200	28.2	943150
21330	-147355200	25	943150
21330	-144676800	22.1	943150
21330	-142084800	18.6	943150
21330	-139406400	21.7	943150
21330	-136728000	25.8	943150
21330	-134136000	29.3	943150
21330	-131457600	32.4	943150
21330	-128865600	34.5	943150
21330	-126187200	33.9	943150
21330	-123508800	31.3	943150
21330	-121089600	31.2	943150
21330	-118411200	27.9	943150
21330	-115819200	21.5	943150
21330	-113140800	19.9	943150
21330	-110548800	18.4	943150
21330	-107870400	19.5	943150
21330	-105192000	22.7	943150
21330	-102600000	27.3	943150
21330	-99921600	29.8	943150
21330	-97329600	31.9	943150
21330	-94651200	31.3	943150
21330	-91972800	30.3	943150
21330	-89553600	29.8	943150
21330	-86875200	28.8	943150
21330	-84283200	24.4	943150
21330	-81604800	18.9	943150
21330	-79012800	17.3	943150
21330	-76334400	20	943150
21330	-73656000	24.7	943150
21330	-71064000	30.9	943150
21330	-68385600	33	943150
21330	-65793600	32.7	943150
23570	539179200	30.5	943050
23570	541598400	29.8	943050
23570	544276800	28.7	943050
23570	546868800	22.4	943050
23570	549547200	19.5	943050
23570	552139200	20.3	943050
23570	554817600	19.5	943050
23570	557496000	22.4	943050
23570	560088000	23.1	943050
23570	562766400	24	943050
23570	565358400	26.7	943050
23570	568036800	30.2	943050
23570	570715200	31.7	943050
23570	573220800	30.9	943050
23570	575899200	27.8	943050
23570	578491200	22.4	943050
23570	581169600	21	943050
23570	583761600	20.2	943050
23570	586440000	20.8	943050
23571	-71064000	28.7	943090
23571	-68385600	31.4	943090
23572	220968000	31.5	943120
23572	223646400	31.7	943120
23572	226065600	29.6	943120
23572	228744000	28.3	943120
23572	231336000	24	943120
23572	234014400	20	943120
23572	236606400	19.7	943120
23572	239284800	21.4	943120
23572	241963200	21.8	943120
23572	244555200	27.6	943120
23572	247233600	29.5	943120
23572	249825600	30.1	943120
23572	252504000	31.6	943120
23572	255182400	30.8	943120
23572	257601600	30.9	943120
23572	260280000	28.3	943120
23572	262872000	22.7	943120
23572	265550400	19.2	943120
23572	268142400	17.8	943120
23572	270820800	20.6	943120
23572	273499200	21	943120
23572	276091200	26.4	943120
23572	278769600	28.8	943120
23572	281361600	28.6	943120
23572	284040000	30.1	943120
23572	286718400	30.6	943120
23572	289137600	30.6	943120
23572	291816000	28.5	943120
23572	294408000	22.4	943120
23572	297086400	21	943120
23572	299678400	19.4	943120
23572	302356800	21.9	943120
23572	305035200	22.9	943120
23572	307627200	27.2	943120
23572	310305600	30.2	943120
23572	312897600	31.4	943120
23572	315576000	31	943120
23572	318254400	29.8	943120
23572	320760000	31.2	943120
23572	323438400	28.2	943120
23572	326030400	25.1	943120
23572	328708800	21.8	943120
23572	331300800	19.5	943120
23572	333979200	22.3	943120
23572	336657600	26.1	943120
23572	339249600	26	943120
23572	341928000	28.8	943120
23572	344520000	30.9	943120
23572	347198400	31.2	943120
23573	-60436800	32.2	943150
23573	-57931200	29.8	943150
23573	-55252800	27.7	943150
23573	-52660800	20.8	943150
25604	596980800	28.1	943050
25604	599659200	29.7	943050
25604	602337600	30.3	943050
25604	604756800	29.3	943050
25604	607435200	28.1	943050
25604	610027200	23.2	943050
25605	-63115200	32.4	943090
25605	-60436800	32	943090
25605	-57931200	30.7	943090
25606	352296000	29.1	943120
25606	354974400	29.8	943120
25606	357566400	24.3	943120
25606	360244800	19.9	943120
25606	362836800	19.7	943120
25606	365515200	21.5	943120
25606	368193600	25.4	943120
25606	370785600	27.7	943120
25606	373464000	26.8	943120
25607	-44712000	18	943150
25607	-42033600	23.7	943150
25607	-39441600	28.7	943150
25607	-36763200	32.1	943150
25607	-34171200	32.9	943150
25607	-31492800	34.3	943150
25607	-28814400	30.6	943150
25607	-26395200	30.8	943150
25607	-23716800	27.5	943150
25607	-21124800	23.7	943150
25607	-18446400	18.4	943150
25607	-15854400	19.2	943150
25607	-13176000	20.9	943150
25607	-10497600	23.7	943150
25607	-7905600	30.3	943150
25607	-5227200	33.2	943150
25607	-2635200	34.4	943150
25607	43200	35.8	943150
27477	617976000	20.1	943050
27477	620654400	23.4	943050
27477	623246400	23.9	943050
27477	625924800	26.9	943050
27477	628516800	26.6	943050
27477	631195200	29.2	943050
27477	633873600	28.6	943050
27478	-52660800	23	943090
27478	-49982400	21.5	943090
27478	-47390400	18.7	943090
27478	-44712000	19.4	943090
27478	-42033600	23.8	943090
27478	-39441600	27.5	943090
27478	-36763200	30.9	943090
27478	-34171200	31.4	943090
27478	-31492800	33.3	943090
27478	-28814400	31.2	943090
27478	-26395200	32.1	943090
27478	-23716800	28.1	943090
27478	-21124800	25.5	943090
27478	-18446400	20.2	943090
27478	-15854400	20.3	943090
27478	-13176000	21.5	943090
27478	-10497600	23.4	943090
27478	-7905600	28.9	943090
27478	-5227200	30.9	943090
27478	-2635200	31.7	943090
27478	43200	34	943090
27478	2721600	31.8	943090
27478	5140800	32.2	943090
27478	7819200	28.7	943090
27478	10411200	22.4	943090
27478	13089600	22.3	943090
27478	15681600	19.9	943090
27478	18360000	21.5	943090
27478	21038400	23.5	943090
27478	23630400	29	943090
27478	26308800	28.9	943090
27478	28900800	32.7	943090
27478	31579200	31.9	943090
27478	34257600	32	943090
27478	36676800	32.2	943090
27478	39355200	28.9	943090
27478	41947200	24.6	943090
27478	44625600	19.8	943090
27478	47217600	19.9	943090
27478	49896000	21.7	943090
27478	52574400	25.4	943090
27478	55166400	27.8	943090
27478	57844800	28.2	943090
27478	60436800	32.4	943090
27478	63115200	32.2	943090
27478	65793600	33.3	943090
27479	378734400	30.9	943120
27479	381412800	29.6	943120
27479	383832000	29.5	943120
27479	386510400	28	943120
27479	389102400	23.6	943120
27479	391780800	19.6	943120
27479	394372800	20.2	943120
27479	397051200	21.9	943120
27479	399729600	23.7	943120
27479	402321600	27.2	943120
27479	4.05e+08	30.1	943120
27479	407592000	30.8	943120
27479	410270400	30.1	943120
27479	412948800	31.3	943120
27479	415368000	30.3	943120
27479	418046400	26.5	943120
27479	420638400	23.9	943120
27479	423316800	20.5	943120
27479	425908800	19.2	943120
27479	428587200	21.3	943120
27479	431265600	25.1	943120
27479	433857600	27.4	943120
27479	436536000	29	943120
27479	439128000	30.2	943120
27479	441806400	31.3	943120
27479	444484800	31.8	943120
27479	446990400	29.5	943120
27479	449668800	28.2	943120
27479	452260800	25.9	943120
27479	454939200	20.7	943120
27479	457531200	19.4	943120
27479	460209600	20.4	943120
27479	462888000	21.8	943120
27479	465480000	28.5	943120
27479	468158400	29.1	943120
27479	470750400	29	943120
27479	473428800	31	943120
27479	476107200	31.3	943120
27479	478526400	30.8	943120
27479	481204800	28.9	943120
27479	483796800	24.3	943120
27479	486475200	20.1	943120
27479	489067200	19.9	943120
27479	491745600	21.3	943120
27479	494424000	23.1	943120
27479	497016000	24.9	943120
27479	499694400	29.6	943120
27479	502286400	29.5	943120
27479	504964800	31.3	943120
27479	507643200	30.7	943120
27479	510062400	31.7	943120
27479	512740800	29.6	943120
27479	515332800	24.3	943120
27479	518011200	21.6	943120
27479	520603200	18.4	943120
27479	523281600	19.4	943120
27479	525960000	22.4	943120
27479	528552000	23.9	943120
27479	531230400	29.7	943120
27479	533822400	29.8	943120
27479	536500800	30.4	943120
27479	539179200	30.7	943120
27479	541598400	31.1	943120
27479	544276800	29.5	943120
27479	546868800	24.6	943120
27479	549547200	21.4	943120
27479	552139200	20.8	943120
27479	554817600	21	943120
27479	557496000	23.5	943120
27479	560088000	25.6	943120
27479	562766400	27.3	943120
27479	565358400	29.6	943120
27479	568036800	30.7	943120
27479	570715200	32.3	943120
27479	573220800	31.3	943120
27479	575899200	28.8	943120
27479	578491200	24.1	943120
27479	581169600	21.5	943120
27479	583761600	20.8	943120
27479	586440000	21.2	943120
27479	589118400	23.5	943120
27479	591710400	29.4	943120
27479	594388800	28.9	943120
27479	596980800	28.8	943120
27479	599659200	30.8	943120
27479	602337600	30.9	943120
27479	604756800	29.3	943120
27479	607435200	27.8	943120
27479	610027200	24	943120
27479	612705600	19.3	943120
27479	615297600	19.4	943120
27479	617976000	20	943120
27479	620654400	24.2	943120
27479	623246400	26.5	943120
27479	625924800	28.6	943120
27479	628516800	29.4	943120
27480	5140800	32.5	943150
27480	7819200	29	943150
27480	10411200	22.3	943150
27480	13089600	21.4	943150
27480	15681600	19.4	943150
27480	18360000	21	943150
27480	21038400	23.4	943150
27480	23630400	30.6	943150
27480	26308800	31.2	943150
27480	28900800	33.4	943150
27480	31579200	32.9	943150
27480	34257600	31.8	943150
27480	36676800	31.9	943150
27480	39355200	27.6	943150
27480	41947200	23	943150
27480	44625600	18.5	943150
27480	47217600	17.8	943150
27480	49896000	20.3	943150
27480	52574400	24.9	943150
27480	55166400	28.5	943150
27480	57844800	29.3	943150
27480	60436800	33.8	943150
27480	63115200	32.9	943150
27480	65793600	32.4	943150
27480	68299200	31.3	943150
27480	70977600	28	943150
27480	73569600	23.8	943150
27480	76248000	21.4	943150
27480	78840000	19.5	943150
27480	81518400	20.8	943150
27480	84196800	26.6	943150
29180	641563200	23.3	943050
29180	644241600	19.8	943050
29180	646833600	17.8	943050
29180	649512000	20.6	943050
29180	652190400	21.9	943050
29180	654782400	24.3	943050
29180	657460800	28	943050
29180	660052800	28.1	943050
29180	662731200	30.4	943050
29180	665409600	31	943050
29180	667828800	30.3	943050
29180	670507200	27.9	943050
29180	673099200	24.3	943050
29180	675777600	20.5	943050
29180	678369600	19.2	943050
29180	681048000	20.8	943050
29180	683726400	21	943050
29180	686318400	25.7	943050
29180	688996800	25.4	943050
29180	691588800	27.4	943050
29180	694267200	26.9	943050
29180	696945600	29.8	943050
29180	699451200	28	943050
29180	702129600	26.4	943050
29180	704721600	23	943050
29180	707400000	21.2	943050
29180	709992000	20.1	943050
29180	712670400	19.1	943050
29180	715348800	20.9	943050
29180	717940800	23.3	943050
29180	720619200	25.5	943050
29180	723211200	26.6	943050
29180	725889600	29.6	943050
29180	728568000	29.1	943050
29180	730987200	28.5	943050
29180	733665600	27.8	943050
29180	736257600	23.8	943050
29180	738936000	19.9	943050
29180	741528000	18.4	943050
29180	744206400	19	943050
29180	746884800	21.3	943050
29180	749476800	22.7	943050
29180	752155200	25.4	943050
29180	754747200	27.9	943050
29180	757425600	30.8	943050
29180	760104000	29.6	943050
29180	762523200	29.3	943050
29180	765201600	26.7	943050
29180	767793600	23.5	943050
29180	770472000	19	943050
29180	773064000	18.8	943050
29180	775742400	20.5	943050
29180	778420800	22.6	943050
29180	781012800	26.6	943050
29180	783691200	28.1	943050
29180	786283200	30.1	943050
29180	788961600	29.3	943050
29180	791640000	28.6	943050
29180	794059200	29.1	943050
29180	796737600	26.8	943050
29180	799329600	22.7	943050
29180	802008000	19.4	943050
29180	804600000	18.5	943050
29180	807278400	20.4	943050
29180	809956800	21.8	943050
29180	812548800	25	943050
29180	815227200	25.8	943050
29180	817819200	27.6	943050
29180	820497600	29.8	943050
29180	823176000	29.7	943050
29180	825681600	29.9	943050
29180	828360000	27.9	943050
29180	830952000	23.6	943050
29180	833630400	22.5	943050
29180	836222400	20.7	943050
29180	838900800	20.5	943050
29180	841579200	22.2	943050
29180	844171200	25.4	943050
29180	846849600	27	943050
29180	849441600	29.2	943050
29180	852120000	30.5	943050
29180	854798400	29.7	943050
29180	857217600	29.1	943050
29180	859896000	26.3	943050
29180	862488000	23.4	943050
29180	865166400	19.9	943050
29180	867758400	17.6	943050
29180	870436800	19.8	943050
29180	873115200	21.3	943050
29180	875707200	25.1	943050
29180	878385600	27.2	943050
29180	880977600	29.6	943050
29180	883656000	30	943050
29180	886334400	31.5	943050
29180	888753600	30.5	943050
29180	891432000	27.9	943050
29180	894024000	26	943050
29180	896702400	20.5	943050
29180	899294400	18.4	943050
29180	901972800	21.2	943050
29180	904651200	22.3	943050
29180	907243200	25.8	943050
29180	909921600	25.7	943050
29180	912513600	29	943050
29180	915192000	30.5	943050
29180	917870400	29.4	943050
29180	920289600	30.3	943050
29180	922968000	26.7	943050
29180	925560000	24.5	943050
29180	928238400	20.8	943050
29180	930830400	19.5	943050
29180	933508800	21.5	943050
29180	936187200	21.7	943050
29180	938779200	24.8	943050
29180	941457600	26.6	943050
29180	944049600	28.7	943050
29180	946728000	28.6	943050
29180	949406400	31.4	943050
29180	951912000	29.5	943050
29180	954590400	27.5	943050
29180	957182400	21.4	943050
29180	959860800	19.4	943050
29180	962452800	20.5	943050
29180	965131200	19.5	943050
29180	967809600	23.6	943050
29180	970401600	25	943050
29180	973080000	26	943050
29180	975672000	29	943050
29180	978350400	29.7	943050
29180	981028800	29.6	943050
29180	983448000	28.7	943050
29180	986126400	27.4	943050
29180	988718400	23.7	943050
29180	991396800	20.4	943050
29180	993988800	20.2	943050
29180	996667200	21.5	943050
29180	999345600	21.5	943050
29180	1001937600	23	943050
29180	1004616000	25.3	943050
29180	1007208000	26.6	943050
29180	1009886400	27.9	943050
29180	1012564800	29.4	943050
29180	1014984000	30.5	943050
29180	1017662400	27.8	943050
29180	1020254400	25.2	943050
29180	1022932800	19.9	943050
29180	1025524800	19.9	943050
29180	1028203200	20.2	943050
29180	1030881600	21.9	943050
29180	1033473600	25.8	943050
29180	1036152000	26.5	943050
29180	1038744000	28.4	943050
29180	1041422400	31.9	943050
29180	1044100800	30.2	943050
29180	1046520000	29.5	943050
29180	1049198400	26.9	943050
29180	1051790400	24.8	943050
29180	1054468800	21.2	943050
29180	1057060800	20.4	943050
29180	1059739200	19.9	943050
29180	1062417600	22	943050
29180	1065009600	23.5	943050
29180	1067688000	26	943050
29180	1070280000	27.7	943050
29180	1072958400	30.4	943050
29180	1075636800	30.2	943050
29180	1078142400	30	943050
29180	1080820800	28.4	943050
29180	1083412800	22.6	943050
29180	1086091200	21.5	943050
29180	1088683200	20.5	943050
29180	1091361600	19.6	943050
29180	1094040000	21.8	943050
29180	1096632000	26.9	943050
29180	1099310400	26.4	943050
29180	1101902400	28.9	943050
29180	1104580800	30.7	943050
29180	1107259200	29.9	943050
29180	1109678400	30.5	943050
29180	1112356800	28.9	943050
29180	1114948800	25	943050
29180	1117627200	20.2	943050
29180	1120219200	19.4	943050
29180	1122897600	20.5	943050
29180	1125576000	21.4	943050
29180	1128168000	23.5	943050
29180	1130846400	25.7	943050
29180	1133438400	29.6	943050
29180	1136116800	29.1	943050
29180	1138795200	29.8	943050
29180	1141214400	30.7	943050
29180	1143892800	26.7	943050
29180	1146484800	23.4	943050
29180	1149163200	20.1	943050
29181	70977600	27.4	943090
29181	73569600	24.3	943090
29181	76248000	22	943090
29181	78840000	20.4	943090
29181	81518400	21.7	943090
29181	84196800	26.7	943090
29181	86788800	28.3	943090
29181	89467200	32.4	943090
29181	92059200	33.7	943090
29181	94737600	32.7	943090
29181	97416000	33.5	943090
29181	99835200	32	943090
29181	102513600	29.2	943090
29181	105105600	25	943090
29181	107784000	21.2	943090
29181	110376000	23	943090
29181	113054400	22.8	943090
29181	115732800	24.1	943090
29181	118324800	28.3	943090
29181	121003200	30.5	943090
29181	123595200	32.4	943090
29181	126273600	30.5	943090
29181	128952000	31.8	943090
29181	131371200	31.4	943090
29181	134049600	27.9	943090
29181	136641600	24	943090
29181	139320000	21.6	943090
29181	141912000	21.2	943090
29181	144590400	22.6	943090
29182	633873600	30.7	943120
29182	636292800	30.9	943120
29182	638971200	28.9	943120
29182	641563200	24.1	943120
29182	644241600	20.8	943120
29182	646833600	19.7	943120
29182	649512000	21	943120
29182	652190400	23.8	943120
29182	654782400	27	943120
29182	657460800	31.8	943120
29182	660052800	30.4	943120
29182	662731200	31.3	943120
29182	665409600	30.8	943120
29182	667828800	31.2	943120
29182	670507200	29	943120
29182	673099200	24.6	943120
29182	675777600	21.9	943120
29182	678369600	20.5	943120
29182	681048000	21.9	943120
29182	683726400	22.9	943120
29182	686318400	29.8	943120
29182	688996800	27.1	943120
29182	691588800	29.9	943120
29182	694267200	30	943120
29182	696945600	30.6	943120
29182	699451200	30.6	943120
29182	702129600	29.5	943120
29182	704721600	25.2	943120
29182	707400000	22.9	943120
29182	709992000	21.6	943120
29182	712670400	20.7	943120
29182	715348800	21.8	943120
29182	717940800	26.4	943120
29182	720619200	27.4	943120
29182	723211200	29	943120
29182	725889600	31.2	943120
29182	728568000	30.9	943120
29182	730987200	30.9	943120
29182	733665600	30.3	943120
29182	736257600	25.1	943120
29182	738936000	20.7	943120
29182	741528000	19	943120
29182	744206400	20.7	943120
29182	746884800	22.2	943120
29182	749476800	24.9	943120
29182	752155200	27.9	943120
29182	754747200	31	943120
29182	757425600	31.9	943120
29182	760104000	31.1	943120
29182	762523200	30.5	943120
29182	765201600	27.6	943120
29182	767793600	24.3	943120
29182	770472000	19.5	943120
29182	773064000	19.7	943120
29182	775742400	21	943120
29182	778420800	24.2	943120
29182	781012800	28.5	943120
29182	783691200	30.3	943120
29182	786283200	31.1	943120
29182	788961600	30.8	943120
29182	791640000	29.4	943120
29182	794059200	29.9	943120
29182	796737600	29	943120
29182	799329600	23.7	943120
29182	802008000	20.3	943120
29182	804600000	20.1	943120
29182	807278400	22	943120
29182	809956800	23.8	943120
29182	812548800	26.4	943120
29182	815227200	29.5	943120
29182	817819200	29.2	943120
29182	820497600	31.7	943120
29182	823176000	31	943120
29182	825681600	31.4	943120
29182	828360000	29.2	943120
29182	830952000	24.1	943120
29182	833630400	23.9	943120
29182	836222400	21.5	943120
29182	838900800	22.6	943120
29182	841579200	23.9	943120
29182	844171200	29.1	943120
29182	846849600	28.9	943120
29182	849441600	30.3	943120
29182	852120000	29.8	943120
29182	854798400	29.8	943120
29182	857217600	30.5	943120
29182	859896000	28.2	943120
29182	862488000	23.6	943120
29182	865166400	20.2	943120
29182	867758400	19.1	943120
29182	870436800	20.9	943120
29182	873115200	22.8	943120
29182	875707200	27.9	943120
29182	878385600	28.7	943120
29182	880977600	30.5	943120
29182	883656000	30.4	943120
29182	886334400	32.4	943120
29182	888753600	32	943120
29182	891432000	29.6	943120
29182	894024000	26.4	943120
29182	896702400	20.9	943120
29182	899294400	20.1	943120
29182	901972800	22.7	943120
29182	904651200	24.7	943120
29182	907243200	29.4	943120
29182	909921600	29.6	943120
29182	912513600	30.4	943120
29182	915192000	31.5	943120
29182	917870400	29	943120
29182	920289600	30.6	943120
29182	922968000	26	943120
29182	925560000	24.2	943120
29182	928238400	21.8	943120
29182	930830400	19.5	943120
29182	933508800	22.5	943120
29182	936187200	24.5	943120
29182	938779200	25.9	943120
29182	941457600	27.8	943120
29182	944049600	29.9	943120
29182	946728000	28.9	943120
29182	949406400	30.7	943120
29182	951912000	29.1	943120
29182	954590400	28	943120
29182	957182400	21.6	943120
29182	959860800	19.6	943120
29182	962452800	20.9	943120
29182	965131200	20.2	943120
29182	967809600	25.1	943120
29182	970401600	26.9	943120
29182	973080000	27.6	943120
29182	975672000	31.2	943120
29182	978350400	31.4	943120
29182	981028800	30.1	943120
29182	983448000	29.8	943120
29182	986126400	27.7	943120
29182	988718400	24.3	943120
29182	991396800	20.9	943120
29182	993988800	20.1	943120
29182	996667200	22.1	943120
29182	999345600	23.9	943120
29182	1001937600	24.6	943120
29182	1004616000	28.1	943120
29182	1007208000	28.6	943120
29182	1009886400	30.5	943120
29182	1012564800	30.5	943120
29182	1014984000	32.3	943120
29182	1017662400	29.9	943120
29182	1020254400	26.5	943120
29182	1022932800	21.1	943120
29182	1025524800	19.9	943120
29182	1028203200	21.9	943120
29182	1030881600	22.7	943120
29182	1033473600	28.6	943120
29182	1036152000	29.7	943120
29182	1038744000	31.2	943120
29182	1041422400	32.1	943120
29182	1044100800	31.7	943120
29182	1046520000	30.4	943120
29182	1049198400	28.4	943120
29182	1051790400	25.4	943120
29182	1054468800	22.4	943120
29182	1057060800	21	943120
29182	1059739200	21	943120
29182	1062417600	23.6	943120
29182	1065009600	25.9	943120
29182	1067688000	29.3	943120
29182	1070280000	30	943120
29182	1072958400	31.8	943120
29182	1075636800	30.8	943120
29182	1078142400	30.7	943120
29182	1080820800	29.1	943120
29182	1083412800	23.6	943120
29182	1086091200	22.3	943120
29182	1088683200	21.6	943120
29182	1091361600	20.5	943120
29182	1094040000	23.3	943120
29182	1096632000	29.5	943120
29182	1099310400	30.3	943120
29182	1101902400	32.2	943120
29182	1104580800	33.1	943120
29182	1107259200	32.8	943120
29182	1109678400	32.4	943120
29182	1112356800	31	943120
29182	1114948800	25.9	943120
29182	1117627200	20.6	943120
29182	1120219200	21	943120
29182	1122897600	21.2	943120
29182	1125576000	23.5	943120
29182	1128168000	25.8	943120
29182	1130846400	29	943120
29182	1133438400	30.7	943120
29182	1136116800	30.6	943120
29182	1138795200	31.5	943120
29182	1141214400	31.1	943120
29182	1143892800	27.6	943120
29182	1146484800	24	943120
29182	1149163200	19.7	943120
29182	1151755200	18.5	943120
29182	1154433600	22.3	943120
29182	1157112000	25.1	943120
29182	1159704000	29.8	943120
29182	1162382400	31.5	943120
29182	1164974400	31	943120
29182	1167652800	31.8	943120
29182	1170331200	32.5	943120
29182	1172750400	29.5	943120
29182	1175428800	28.8	943120
29182	1178020800	25.1	943120
29182	1180699200	19.7	943120
29182	1183291200	20.6	943120
29182	1185969600	21.3	943120
29182	1188648000	24.9	943120
29182	1191240000	27	943120
29182	1193918400	29.7	943120
29182	1196510400	30.2	943120
29182	1199188800	32.2	943120
29182	1201867200	31.3	943120
29182	1204372800	30.8	943120
29182	1207051200	29.4	943120
29182	1209643200	24.9	943120
29182	1212321600	21.3	943120
29182	1214913600	19.4	943120
29182	1217592000	21.6	943120
29182	1220270400	25.5	943120
29182	1222862400	28.7	943120
29182	1225540800	27.8	943120
29182	1228132800	30.3	943120
29182	1230811200	31.7	943120
29182	1233489600	31.1	943120
29182	1235908800	30.8	943120
29182	1238587200	29.4	943120
29182	1241179200	23.8	943120
29182	1243857600	21.2	943120
29182	1246449600	21.2	943120
29182	1249128000	21.7	943120
29182	1251806400	23.9	943120
29182	1254398400	28.3	943120
29182	1257076800	30.2	943120
29182	1259668800	32.3	943120
29182	1262347200	31.9	943120
29182	1265025600	31.5	943120
29182	1267444800	32.4	943120
29182	1270123200	29.5	943120
29182	1272715200	25.2	943120
29182	1275393600	23.3	943120
29182	1277985600	21.9	943120
29182	1280664000	22.3	943120
29182	1283342400	24.2	943120
29182	1285934400	28.6	943120
29182	1288612800	30.7	943120
29182	1291204800	30.4	943120
29182	1293883200	31.4	943120
29182	1296561600	29.6	943120
29182	1298980800	29.7	943120
29182	1301659200	28.3	943120
29182	1304251200	22.8	943120
29182	1306929600	19.7	943120
29182	1309521600	21	943120
29182	1312200000	22.1	943120
29182	1314878400	23.2	943120
29182	1317470400	26.3	943120
29182	1320148800	28.5	943120
29182	1322740800	30.2	943120
29182	1325419200	29.6	943120
29182	1328097600	30.7	943120
29182	1330603200	28.2	943120
29182	1333281600	27.6	943120
29182	1335873600	23.3	943120
29182	1338552000	20.6	943120
29182	1341144000	18.9	943120
29182	1343822400	21.8	943120
29182	1346500800	25.1	943120
29182	1349092800	28.6	943120
29182	1351771200	29.6	943120
29182	1354363200	32.1	943120
29182	1357041600	32.2	943120
29182	1359720000	30.6	943120
29182	1362139200	31.1	943120
29182	1364817600	29.1	943120
29182	1367409600	24.7	943120
29182	1370088000	20.8	943120
29182	1372680000	20.4	943120
29182	1375358400	21.9	943120
29182	1378036800	24.1	943120
29182	1380628800	28.7	943120
29182	1383307200	29.3	943120
29182	1385899200	30.6	943120
29182	1388577600	30.7	943120
29182	1391256000	31.4	943120
29182	1393675200	32.1	943120
29182	1396353600	28.7	943120
29182	1398945600	26.3	943120
29182	1401624000	21.7	943120
29182	1404216000	19.7	943120
29182	1406894400	22	943120
29182	1409572800	25.4	943120
29182	1412164800	29.3	943120
29182	1414843200	31	943120
29182	1417435200	31.7	943120
29182	1420113600	31.5	943120
29182	1422792000	33.3	943120
29182	1425211200	31.7	943120
29182	1427889600	28	943120
29182	1430481600	23.9	943120
29183	89467200	33.8	943150
29183	92059200	35.2	943150
29183	94737600	32.1	943150
29183	97416000	33.9	943150
29183	99835200	32.2	943150
30741	1154433600	21.4	943050
30741	1157112000	23.6	943050
30741	1159704000	27.3	943050
30741	1162382400	28.4	943050
30741	1164974400	28.6	943050
30741	1167652800	29	943050
30741	1170331200	31.7	943050
30741	1172750400	30.3	943050
30741	1175428800	28.4	943050
30741	1178020800	24.9	943050
30741	1180699200	20.3	943050
30741	1183291200	20.6	943050
30741	1185969600	20.6	943050
30741	1188648000	23.9	943050
30741	1191240000	25.4	943050
30741	1193918400	29	943050
30741	1196510400	27.6	943050
30741	1199188800	31.2	943050
30741	1201867200	30.7	943050
30741	1204372800	29.5	943050
30741	1207051200	28.5	943050
30741	1209643200	24.4	943050
30741	1212321600	21.2	943050
30741	1214913600	19.5	943050
30742	152539200	28.6	943090
30742	155131200	32	943090
30742	157809600	33.3	943090
30742	160488000	31.7	943090
30742	162907200	31.9	943090
30742	165585600	29.3	943090
30742	168177600	25.7	943090
30742	170856000	21.5	943090
30742	173448000	21.6	943090
30742	176126400	21	943090
30742	178804800	25.7	943090
30742	181396800	26.1	943090
30742	184075200	30.4	943090
30742	186667200	31.5	943090
30742	189345600	32.1	943090
30742	192024000	32.4	943090
30742	194529600	30.1	943090
30742	197208000	28.7	943090
32154	1220270400	23.7	943050
32154	1222862400	27.3	943050
32154	1225540800	24.6	943050
32154	1228132800	27.4	943050
32154	1230811200	30.5	943050
32154	1233489600	29.4	943050
32154	1235908800	30.6	943050
32154	1238587200	27	943050
32154	1241179200	23.2	943050
32154	1243857600	20.8	943050
32154	1246449600	19.5	943050
32154	1249128000	20.9	943050
32154	1251806400	22.6	943050
32154	1254398400	25.4	943050
32154	1257076800	27.9	943050
32154	1259668800	29.6	943050
32154	1262347200	29.9	943050
32154	1265025600	29	943050
32154	1267444800	30.7	943050
32154	1270123200	27.5	943050
32154	1272715200	24.5	943050
32154	1275393600	22.9	943050
32154	1277985600	20.8	943050
32154	1280664000	21.2	943050
32154	1283342400	22.9	943050
32154	1285934400	27.5	943050
32154	1288612800	27.4	943050
32154	1291204800	28.9	943050
32154	1293883200	31.8	943050
32154	1296561600	30.4	943050
32154	1298980800	30.2	943050
32154	1301659200	28.4	943050
32154	1304251200	23.5	943050
32154	1306929600	21	943050
32154	1309521600	20.5	943050
32154	1312200000	22.1	943050
32154	1314878400	22.3	943050
32154	1317470400	24.6	943050
32154	1320148800	27.7	943050
32154	1322740800	28.6	943050
32155	202478400	21.1	943090
32155	205070400	20.1	943090
32155	207748800	22.7	943090
32155	210427200	24.5	943090
32155	213019200	26.4	943090
32155	215697600	28.2	943090
32155	218289600	32.7	943090
32155	220968000	33.3	943090
32155	223646400	34.1	943090
32155	226065600	31.3	943090
32155	228744000	29.5	943090
32155	231336000	25.1	943090
32155	234014400	20.8	943090
32155	236606400	20.5	943090
32155	239284800	23.3	943090
32155	241963200	23.9	943090
32155	244555200	29	943090
32155	247233600	31.9	943090
32155	249825600	32.5	943090
32155	252504000	33.2	943090
32155	255182400	32.3	943090
32155	257601600	32.8	943090
32155	260280000	29.3	943090
32155	262872000	23.4	943090
32155	265550400	20.7	943090
33424	270820800	21.6	943090
33424	273499200	23.3	943090
33424	276091200	28	943090
33424	278769600	30.8	943090
33424	281361600	31.5	943090
33424	284040000	33.1	943090
33424	286718400	32.9	943090
33424	289137600	32.2	943090
33424	291816000	29.5	943090
33424	294408000	23	943090
33424	297086400	22.2	943090
33424	299678400	20.5	943090
33424	302356800	22.1	943090
33424	305035200	24.9	943090
33425	123595200	33.7	943150
33425	126273600	30.9	943150
33425	128952000	32	943150
33425	131371200	31.3	943150
33425	134049600	26.1	943150
33425	136641600	22.5	943150
33425	139320000	19.5	943150
33425	141912000	20.1	943150
33425	144590400	22.6	943150
33425	147268800	25.8	943150
33425	149860800	28.5	943150
33425	152539200	31	943150
33425	155131200	32.8	943150
33425	157809600	33.9	943150
33425	160488000	31.3	943150
33425	162907200	31.3	943150
33425	165585600	28.7	943150
33425	168177600	24.3	943150
33425	170856000	20.2	943150
33425	173448000	20.7	943150
33425	176126400	20.7	943150
33425	178804800	26.5	943150
33425	181396800	26.5	943150
33425	184075200	32	943150
33425	186667200	31.8	943150
33425	189345600	31.8	943150
33425	192024000	31.8	943150
33425	194529600	28.8	943150
33425	197208000	27.5	943150
33425	199800000	22.7	943150
33425	202478400	19.6	943150
33425	205070400	19	943150
33425	207748800	21.2	943150
33425	210427200	24.3	943150
33425	213019200	26.9	943150
33425	215697600	29.6	943150
33425	218289600	34.9	943150
33425	220968000	34.6	943150
33425	223646400	34.6	943150
33425	226065600	31.2	943150
33425	228744000	27.9	943150
33425	231336000	22.7	943150
33425	234014400	19.6	943150
33425	236606400	19.2	943150
33425	239284800	22.1	943150
33425	241963200	23.8	943150
33425	244555200	30.8	943150
33425	247233600	32.8	943150
33425	249825600	33.8	943150
33425	252504000	33.6	943150
33425	255182400	31	943150
33425	257601600	31.7	943150
33425	260280000	28.4	943150
33425	262872000	21.8	943150
33425	265550400	18.5	943150
33425	268142400	16.8	943150
33425	270820800	20.2	943150
33425	273499200	22.5	943150
33425	276091200	28.8	943150
33425	278769600	31.6	943150
33425	281361600	32.1	943150
33425	284040000	34.7	943150
33425	286718400	32.5	943150
33425	289137600	31.3	943150
33425	291816000	29.3	943150
33425	294408000	21.6	943150
33425	297086400	20.8	943150
33425	299678400	18.7	943150
33425	302356800	21.4	943150
33425	305035200	24.6	943150
33425	307627200	29.4	943150
33425	310305600	34.1	943150
33425	312897600	34.1	943150
33425	315576000	32.6	943150
33425	318254400	30	943150
33425	320760000	32.9	943150
33425	323438400	26.9	943150
33425	326030400	24.4	943150
33425	328708800	21.2	943150
33425	331300800	18.8	943150
33425	333979200	22.2	943150
33425	336657600	28.2	943150
33425	339249600	27.8	943150
33425	341928000	31.9	943150
33425	344520000	34.8	943150
33425	347198400	33.4	943150
33425	349876800	30	943150
33425	352296000	30.3	943150
34614	310305600	32.2	943090
34614	312897600	33.8	943090
34614	315576000	33.2	943090
34614	318254400	32.4	943090
34614	320760000	33.4	943090
34614	323438400	28.3	943090
34614	326030400	25.9	943090
34614	328708800	22.5	943090
34614	331300800	19.9	943090
34614	333979200	23.5	943090
34614	336657600	28.2	943090
34614	339249600	27.5	943090
34614	341928000	30	943090
34614	344520000	33.3	943090
34614	347198400	33.3	943090
34614	349876800	30.8	943090
34614	352296000	30.6	943090
34614	354974400	30.2	943090
34614	357566400	24.6	943090
34614	360244800	20.5	943090
34614	362836800	20.8	943090
34614	365515200	22.9	943090
34614	368193600	26.9	943090
34614	370785600	29.3	943090
34614	373464000	28.3	943090
34614	376056000	31.4	943090
34614	378734400	32.6	943090
34614	381412800	31.7	943090
34614	383832000	31.2	943090
34614	386510400	29.3	943090
34614	389102400	24.5	943090
34614	391780800	20.6	943090
34614	394372800	20.9	943090
34614	397051200	23.1	943090
34614	399729600	24.7	943090
34614	402321600	28.5	943090
34614	4.05e+08	31.5	943090
34614	407592000	32.7	943090
34614	410270400	32.6	943090
34614	412948800	33.3	943090
34614	415368000	32.2	943090
34614	418046400	27.9	943090
34614	420638400	25	943090
34614	423316800	22.7	943090
34614	425908800	20.7	943090
34614	428587200	22.5	943090
34614	431265600	26.9	943090
34614	433857600	29.1	943090
34614	436536000	31.5	943090
34614	439128000	32.8	943090
34614	441806400	33.4	943090
34614	444484800	33.2	943090
34614	446990400	30.9	943090
34614	449668800	29.4	943090
34614	452260800	26.5	943090
34614	454939200	21.9	943090
34614	457531200	19.8	943090
34614	460209600	21.4	943090
34614	462888000	23.4	943090
34614	465480000	29.7	943090
34614	468158400	31	943090
34614	470750400	31.3	943090
34614	473428800	33.2	943090
34614	476107200	32.1	943090
34614	478526400	32	943090
34614	481204800	30	943090
34614	483796800	24.7	943090
34614	486475200	21.6	943090
34614	489067200	21.1	943090
34614	491745600	22.5	943090
34614	494424000	24.7	943090
34615	357566400	23.8	943150
34615	360244800	19.5	943150
34615	362836800	18.6	943150
34615	365515200	21.9	943150
34615	368193600	27.4	943150
34615	370785600	30.3	943150
34615	373464000	29.9	943150
34615	376056000	33.8	943150
34615	378734400	31.6	943150
34615	381412800	30.5	943150
34615	383832000	29.4	943150
34615	386510400	27.5	943150
34615	389102400	22.8	943150
34615	391780800	19	943150
34615	394372800	19.2	943150
34615	397051200	21.9	943150
34615	399729600	26	943150
34615	402321600	29.6	943150
34615	4.05e+08	32.6	943150
34615	407592000	34	943150
35687	504964800	32.6	943090
35687	507643200	32.5	943090
35688	412948800	33.6	943150
35688	415368000	31.1	943150
35688	418046400	25.3	943150
35688	420638400	22.7	943150
35688	423316800	20.5	943150
35688	425908800	18	943150
35688	428587200	22	943150
35688	431265600	27.1	943150
35688	433857600	29.6	943150
35688	436536000	32.2	943150
35688	439128000	33	943150
35688	441806400	32.6	943150
35688	444484800	33.5	943150
35688	446990400	29.1	943150
35688	449668800	27.9	943150
35688	452260800	24.9	943150
35688	454939200	20.2	943150
36689	512740800	30.8	943090
36689	515332800	24.9	943090
36689	518011200	22.2	943090
36689	520603200	19.3	943090
36689	523281600	21	943090
36689	525960000	24.1	943090
36689	528552000	25.3	943090
36689	531230400	31.2	943090
36689	533822400	32.3	943090
36689	536500800	31.6	943090
36689	539179200	31.7	943090
36690	460209600	20.5	943150
36690	462888000	23.8	943150
36690	465480000	30.7	943150
36690	468158400	32.7	943150
36690	470750400	32.3	943150
36690	473428800	34.6	943150
36690	476107200	32.2	943150
36690	478526400	31.8	943150
37625	631195200	31.8	943090
37625	633873600	32.2	943090
37625	636292800	31.7	943090
37625	638971200	30	943090
37625	641563200	25.2	943090
37625	644241600	22.1	943090
37625	646833600	20.3	943090
37625	649512000	22.6	943090
37625	652190400	25.2	943090
37625	654782400	28.3	943090
37625	657460800	33.5	943090
37625	660052800	32.3	943090
37625	662731200	34.1	943090
37625	665409600	32.5	943090
37625	667828800	32.4	943090
37625	670507200	30	943090
37625	673099200	25.2	943090
37625	675777600	22.3	943090
37625	678369600	21.1	943090
37625	681048000	22.5	943090
37625	683726400	24.5	943090
37625	686318400	31.7	943090
37625	688996800	27.9	943090
37625	691588800	32.3	943090
37625	694267200	32.2	943090
37625	696945600	32.7	943090
37625	699451200	32	943090
37625	702129600	29.7	943090
37625	704721600	24.8	943090
37625	707400000	23.5	943090
37626	486475200	19.9	943150
37626	489067200	19.2	943150
37626	491745600	22	943150
37626	494424000	25.9	943150
37626	497016000	28.2	943150
38487	712670400	21.6	943090
38487	715348800	23.7	943090
38487	717940800	27.3	943090
38487	720619200	29	943090
38487	723211200	30.8	943090
38487	725889600	33.2	943090
38487	728568000	32.1	943090
38487	730987200	32.7	943090
38487	733665600	31	943090
38487	736257600	25.6	943090
38487	738936000	21.4	943090
38487	741528000	20	943090
38487	744206400	22.2	943090
38487	746884800	24.4	943090
38487	749476800	26.8	943090
38487	752155200	29.8	943090
38487	754747200	32.7	943090
38487	757425600	34.3	943090
38487	760104000	33.1	943090
38487	762523200	31.9	943090
38487	765201600	29.1	943090
38487	767793600	25	943090
38487	770472000	21	943090
38487	773064000	20.7	943090
38487	775742400	22.2	943090
38487	778420800	26.5	943090
38487	781012800	29.6	943090
38487	783691200	32.6	943090
38487	786283200	33.5	943090
38487	788961600	32.6	943090
38487	791640000	29.9	943090
38487	794059200	31.5	943090
38487	796737600	29	943090
38487	799329600	24.6	943090
38487	802008000	20.7	943090
38487	804600000	20.8	943090
38487	807278400	23.1	943090
38487	809956800	25.4	943090
38487	812548800	27.8	943090
38487	815227200	30.8	943090
38487	817819200	31	943090
38487	820497600	34.4	943090
38487	823176000	32.4	943090
38487	825681600	33.3	943090
38487	828360000	29.6	943090
38487	830952000	25.1	943090
38487	833630400	24.2	943090
38487	836222400	22.3	943090
38487	838900800	23.5	943090
38487	841579200	25.4	943090
38487	844171200	30.2	943090
38487	846849600	31	943090
38487	849441600	32.6	943090
38487	852120000	31.4	943090
38487	854798400	30.9	943090
38487	857217600	32.1	943090
38487	859896000	29.1	943090
38487	862488000	24.9	943090
38487	865166400	22.1	943090
38487	867758400	19.9	943090
38487	870436800	22.2	943090
38487	873115200	24	943090
38487	875707200	28.8	943090
38487	878385600	30.5	943090
38487	880977600	33.4	943090
38487	883656000	32.6	943090
38487	886334400	34.9	943090
38487	888753600	33.5	943090
38487	891432000	30	943090
38487	894024000	27.4	943090
38487	896702400	21.9	943090
38487	899294400	20.2	943090
38487	901972800	23.6	943090
38487	904651200	26.1	943090
38487	907243200	30.3	943090
38487	909921600	30.5	943090
38487	912513600	32.3	943090
38487	915192000	33.7	943090
38487	917870400	29.9	943090
38487	920289600	31.5	943090
38487	922968000	27.1	943090
38487	925560000	24.9	943090
38487	928238400	22.6	943090
38487	930830400	20.7	943090
38487	933508800	23.6	943090
38487	936187200	25.8	943090
38487	938779200	27.9	943090
38487	941457600	29.6	943090
38487	944049600	31.8	943090
38487	946728000	30	943090
38487	949406400	32.1	943090
38487	951912000	29.6	943090
38487	954590400	28.6	943090
38487	957182400	22.1	943090
38487	959860800	20.4	943090
38487	962452800	21.8	943090
38487	965131200	21.7	943090
38487	967809600	26.7	943090
38487	970401600	27.6	943090
38487	973080000	28.3	943090
38487	975672000	32.7	943090
38487	978350400	32.6	943090
38487	981028800	30.9	943090
38487	983448000	30.9	943090
38487	986126400	28.9	943090
38487	988718400	25.2	943090
38487	991396800	22.2	943090
38487	993988800	20.9	943090
38487	996667200	23.3	943090
38487	999345600	25	943090
38487	1001937600	25.4	943090
38487	1004616000	29.6	943090
38487	1007208000	29.9	943090
38487	1009886400	32.1	943090
38487	1012564800	32.3	943090
38487	1014984000	33.5	943090
38487	1017662400	31.3	943090
38487	1020254400	27.3	943090
38487	1022932800	21.8	943090
38487	1025524800	21.1	943090
38487	1028203200	22.7	943090
38487	1030881600	24.2	943090
38487	1033473600	30.3	943090
38487	1036152000	31.2	943090
38487	1038744000	33.3	943090
38487	1041422400	33.7	943090
38487	1044100800	33.9	943090
38487	1046520000	32	943090
38487	1049198400	29.5	943090
38487	1051790400	26.1	943090
38487	1054468800	23.2	943090
38487	1057060800	21.5	943090
38487	1059739200	21.3	943090
38487	1062417600	24.8	943090
38487	1065009600	26.1	943090
38487	1067688000	30.9	943090
38487	1070280000	31.7	943090
38487	1072958400	33.8	943090
38487	1075636800	31.4	943090
38487	1078142400	31.7	943090
38487	1080820800	30.2	943090
38487	1083412800	24.2	943090
38487	1086091200	22.4	943090
38487	1088683200	21.9	943090
38487	1091361600	21.8	943090
38487	1094040000	24.3	943090
38487	1096632000	30.8	943090
38487	1099310400	31.3	943090
38487	1101902400	33.7	943090
38487	1104580800	34.1	943090
38487	1107259200	34.4	943090
38487	1109678400	33.8	943090
38487	1112356800	32	943090
38487	1114948800	26.4	943090
38487	1117627200	21.1	943090
38487	1120219200	20.9	943090
38487	1122897600	22	943090
38487	1125576000	24.1	943090
38487	1128168000	26.8	943090
38487	1130846400	30.4	943090
38487	1133438400	32.8	943090
38487	1136116800	30.7	943090
38487	1138795200	31.3	943090
38487	1141214400	31.6	943090
38487	1143892800	27.6	943090
38487	1146484800	23.9	943090
38487	1149163200	20.6	943090
38487	1151755200	18.9	943090
38487	1154433600	22.6	943090
38487	1157112000	25.7	943090
38487	1159704000	30.6	943090
38487	1162382400	32.1	943090
38487	1164974400	31.8	943090
38487	1167652800	32.5	943090
38487	1170331200	34.3	943090
38487	1172750400	30.2	943090
38487	1175428800	29.6	943090
38487	1178020800	25.7	943090
38487	1180699200	20.5	943090
38487	1183291200	21.3	943090
38487	1185969600	22.2	943090
38487	1188648000	25.8	943090
38487	1191240000	28.7	943090
38487	1193918400	31.8	943090
38487	1196510400	31.3	943090
38487	1199188800	34.1	943090
38487	1201867200	31.6	943090
38487	1204372800	30.8	943090
38487	1207051200	29.3	943090
38487	1209643200	25.1	943090
38487	1212321600	21.9	943090
38487	1214913600	20.4	943090
38487	1217592000	22.2	943090
38487	1220270400	26.2	943090
38487	1222862400	29.5	943090
38487	1225540800	27.7	943090
38487	1228132800	31.1	943090
38487	1230811200	32.7	943090
38487	1233489600	31.5	943090
38487	1235908800	31.5	943090
38487	1238587200	28.9	943090
38487	1241179200	23.8	943090
38487	1243857600	21.5	943090
38487	1246449600	21.4	943090
38487	1249128000	22.2	943090
38487	1251806400	24.7	943090
38487	1254398400	29.1	943090
38487	1257076800	31.2	943090
38487	1259668800	33.6	943090
38487	1262347200	33.4	943090
38487	1265025600	33.6	943090
38487	1267444800	33.4	943090
38487	1270123200	30.4	943090
38487	1272715200	25.2	943090
38487	1275393600	23.7	943090
38487	1277985600	22.3	943090
38487	1280664000	22.8	943090
38487	1283342400	24.2	943090
38487	1285934400	29.2	943090
38487	1288612800	31.1	943090
38487	1291204800	31.6	943090
38487	1293883200	32.3	943090
38487	1296561600	29.1	943090
38487	1298980800	30.4	943090
38487	1301659200	28.4	943090
38487	1304251200	22.3	943090
38487	1306929600	20.1	943090
38487	1309521600	21.5	943090
38487	1312200000	22.4	943090
38487	1314878400	24.1	943090
38487	1317470400	27.4	943090
38487	1320148800	29.1	943090
38487	1322740800	31.4	943090
38488	502286400	33.9	943150
38488	504964800	32.4	943150
38488	507643200	33.1	943150
38488	510062400	33.4	943150
38488	512740800	29.7	943150
38488	515332800	24.1	943150
39267	520603200	16.7	943150
39267	523281600	19.6	943150
39267	525960000	24.8	943150
39267	528552000	26.9	943150
39267	531230400	32.7	943150
39267	533822400	34.7	943150
39267	536500800	32.5	943150
39267	539179200	29.9	943150
39267	541598400	30.6	943150
39267	544276800	29.7	943150
39267	546868800	23	943150
39267	549547200	21.4	943150
39267	552139200	20.5	943150
39267	554817600	21.3	943150
39267	557496000	25.8	943150
39267	560088000	28.9	943150
39267	562766400	31.2	943150
39267	565358400	33.4	943150
39267	568036800	34.2	943150
39267	570715200	32.4	943150
39267	573220800	31.6	943150
39267	575899200	28.2	943150
39267	578491200	22.7	943150
39267	581169600	21	943150
39267	583761600	20.6	943150
39267	586440000	20.7	943150
39267	589118400	25.3	943150
39267	591710400	31.7	943150
39267	594388800	31.2	943150
39267	596980800	31	943150
39267	599659200	32.9	943150
39267	602337600	32.7	943150
39267	604756800	30	943150
39267	607435200	28	943150
39267	610027200	23.8	943150
39267	612705600	18.1	943150
39267	615297600	18.7	943150
39267	617976000	20.5	943150
39267	620654400	26.2	943150
39267	623246400	29.7	943150
39267	625924800	31.9	943150
39267	628516800	34.3	943150
39267	631195200	32.7	943150
39267	633873600	31.5	943150
39267	636292800	32.1	943150
39267	638971200	29.6	943150
39267	641563200	24.4	943150
39267	644241600	20.6	943150
39267	646833600	19.2	943150
39267	649512000	22.5	943150
39267	652190400	25.7	943150
39267	654782400	29.7	943150
39267	657460800	35.2	943150
39267	660052800	34.3	943150
39267	662731200	34.9	943150
39267	665409600	33.4	943150
39267	667828800	32.6	943150
39267	670507200	29.4	943150
39267	673099200	24.5	943150
39267	675777600	21.4	943150
39267	678369600	20.2	943150
39267	681048000	22.4	943150
39267	683726400	25.1	943150
39267	686318400	32.5	943150
39267	688996800	30.6	943150
39267	691588800	34.1	943150
39267	694267200	33.2	943150
39267	696945600	33.1	943150
39267	699451200	31.8	943150
39267	702129600	29.1	943150
39267	704721600	23.7	943150
39267	707400000	22.5	943150
39267	709992000	21.3	943150
39267	712670400	20.4	943150
39267	715348800	24.2	943150
39267	717940800	28.3	943150
39267	720619200	30.4	943150
39267	723211200	33.5	943150
39267	725889600	34.2	943150
39267	728568000	31.6	943150
39267	730987200	33	943150
39267	733665600	30.8	943150
39267	736257600	23.4	943150
39267	738936000	20	943150
39267	741528000	18.4	943150
39267	744206400	20.4	943150
39267	746884800	24	943150
39267	749476800	27.8	943150
39267	752155200	31.2	943150
39267	754747200	33.3	943150
40004	760104000	31.3	943150
40004	762523200	30.5	943150
40004	765201600	27.8	943150
40004	767793600	24.1	943150
40004	770472000	19.8	943150
40004	773064000	19.5	943150
40004	775742400	21.9	943150
40004	778420800	27.2	943150
40004	781012800	31.3	943150
40004	783691200	33	943150
40004	786283200	33.5	943150
40694	794059200	28.9	943150
40694	796737600	28.2	943150
40694	799329600	22.3	943150
40694	802008000	19.4	943150
40694	804600000	19.1	943150
41902	815227200	31.8	943150
41902	817819200	31.3	943150
41902	820497600	34.1	943150
41902	823176000	31.8	943150
41902	825681600	31.1	943150
42459	830952000	23.5	943150
42459	833630400	23	943150
42459	836222400	20.5	943150
42459	838900800	22.6	943150
42459	841579200	25.8	943150
42459	844171200	30.9	943150
42459	846849600	32.3	943150
42459	849441600	32.8	943150
42459	852120000	30.1	943150
42459	854798400	29.4	943150
42459	857217600	31.6	943150
42459	859896000	28.1	943150
42459	862488000	23.4	943150
42981	875707200	30.4	943150
42981	878385600	31.4	943150
42981	880977600	34.5	943150
42981	883656000	34.3	943150
42981	886334400	35.3	943150
42981	888753600	33.3	943150
42981	891432000	30.4	943150
42981	894024000	26.9	943150
42981	896702400	21.1	943150
42981	899294400	19.3	943150
42981	901972800	23.2	943150
42981	904651200	26.4	943150
42981	907243200	31.8	943150
42981	909921600	33	943150
42981	912513600	31.7	943150
42981	915192000	33.7	943150
42981	917870400	29.5	943150
42981	920289600	30.9	943150
43459	925560000	24.2	943150
43459	928238400	21.2	943150
43459	930830400	19	943150
43459	933508800	22.7	943150
43459	936187200	25.6	943150
43459	938779200	28.4	943150
43459	941457600	30.5	943150
43459	944049600	31.7	943150
43459	946728000	30.2	943150
43459	949406400	31.5	943150
43904	954590400	27.2	943150
43904	957182400	21	943150
43904	959860800	18.7	943150
43904	962452800	20.6	943150
43904	965131200	20	943150
43904	967809600	26.7	943150
43904	970401600	28.2	943150
43904	973080000	30	943150
44720	983448000	29.6	943150
44720	986126400	27.9	943150
44720	988718400	23.3	943150
44720	991396800	20	943150
44720	993988800	19	943150
44720	996667200	21.5	943150
44720	999345600	24.5	943150
44720	1001937600	26.4	943150
44720	1004616000	31.5	943150
44720	1007208000	32.2	943150
44720	1009886400	33.8	943150
44720	1012564800	30.6	943150
44720	1014984000	31.5	943150
44720	1017662400	29.6	943150
44720	1020254400	26	943150
44720	1022932800	19.9	943150
44720	1025524800	19.1	943150
44720	1028203200	21.2	943150
44720	1030881600	24.2	943150
44720	1033473600	31.2	943150
44720	1036152000	32.2	943150
44720	1038744000	34.3	943150
44720	1041422400	34.1	943150
44720	1044100800	32.9	943150
44720	1046520000	30.2	943150
44720	1049198400	28.6	943150
44720	1051790400	25.2	943150
44720	1054468800	21.5	943150
44720	1057060800	20.6	943150
44720	1059739200	21.5	943150
44720	1062417600	25.8	943150
44720	1065009600	28	943150
44720	1067688000	32.5	943150
44720	1070280000	34.6	943150
44720	1072958400	34.4	943150
44720	1075636800	31.3	943150
44720	1078142400	29.9	943150
44720	1080820800	28.4	943150
44720	1083412800	22.7	943150
44720	1086091200	20.9	943150
44720	1088683200	20.3	943150
44720	1091361600	20.6	943150
44720	1094040000	24.5	943150
44720	1096632000	32.3	943150
44720	1099310400	32.4	943150
44720	1101902400	35.1	943150
44720	1104580800	36.4	943150
44720	1107259200	35.3	943150
44720	1109678400	33.7	943150
44720	1112356800	32.2	943150
44720	1114948800	26.3	943150
44720	1117627200	19.5	943150
44720	1120219200	20.1	943150
44720	1122897600	21.2	943150
44720	1125576000	25.3	943150
44720	1128168000	29	943150
44720	1130846400	33	943150
44720	1133438400	34.2	943150
44720	1136116800	31.9	943150
44720	1138795200	30.7	943150
44720	1141214400	30.9	943150
44720	1143892800	27.2	943150
44720	1146484800	23	943150
44720	1149163200	19.2	943150
44720	1151755200	18.3	943150
44720	1154433600	22.5	943150
44720	1157112000	26.3	943150
44720	1159704000	31.8	943150
44720	1162382400	33.9	943150
44720	1164974400	33.6	943150
44720	1167652800	35	943150
44720	1170331200	36.9	943150
44720	1172750400	29.6	943150
44720	1175428800	28.7	943150
44720	1178020800	24.9	943150
45083	1183291200	20	943150
45083	1185969600	21.3	943150
45083	1188648000	26.2	943150
45083	1191240000	30	943150
45083	1193918400	33.1	943150
45083	1196510400	33.4	943150
45083	1199188800	36	943150
45432	1204372800	31.9	943150
45432	1207051200	30	943150
45432	1209643200	24.6	943150
45767	1217592000	20.9	943150
45767	1220270400	26.8	943150
45767	1222862400	31	943150
45767	1225540800	31.1	943150
45767	1228132800	33.3	943150
45767	1230811200	34.4	943150
45767	1233489600	33.1	943150
45767	1235908800	31.4	943150
45767	1238587200	29.2	943150
45767	1241179200	23.1	943150
45767	1243857600	20.4	943150
45767	1246449600	20.4	943150
45767	1249128000	22.9	943150
45767	1251806400	25.5	943150
45767	1254398400	30.3	943150
45767	1257076800	32.3	943150
45767	1259668800	34.3	943150
45767	1262347200	34.4	943150
46058	1270123200	31.1	943150
46058	1272715200	24.7	943150
46058	1275393600	22.1	943150
46058	1277985600	20.6	943150
46058	1280664000	21.7	943150
46058	1283342400	23.9	943150
46058	1285934400	29.9	943150
46058	1288612800	33.4	943150
46058	1291204800	34.1	943150
46332	1301659200	28.3	943150
46332	1304251200	21.8	943150
46332	1306929600	18.8	943150
46332	1309521600	20.5	943150
46332	1312200000	22.5	943150
46332	1314878400	24.9	943150
46332	1317470400	29.1	943150
46332	1320148800	31.2	943150
46332	1322740800	34.5	943150
46332	1325419200	30.6	943150
46332	1328097600	32.3	943150
46332	1330603200	28.9	943150
46332	1333281600	28.2	943150
46332	1335873600	23.1	943150
46332	1338552000	20	943150
46332	1341144000	18.6	943150
46332	1343822400	22.3	943150
46332	1346500800	27.1	943150
46332	1349092800	31.2	943150
46332	1351771200	32.8	943150
46332	1354363200	33.5	943150
46332	1357041600	33.4	943150
46332	1359720000	31.6	943150
46332	1362139200	32.4	943150
46332	1364817600	29.3	943150
46332	1367409600	23.7	943150
46590	1372680000	19.7	943150
46590	1375358400	21.7	943150
46590	1378036800	25.6	943150
46590	1380628800	30.9	943150
46590	1383307200	31.7	943150
46590	1385899200	33.3	943150
